====== LBP - SVC - USPTEX TEXTURE DATASET ======

2292 images

SEED: 5
Train size: 1833
Test size: 459

Accuracy: 46.19%

Precision Micro: 46.19%
Precision Macro: 41.40%

Recall Micro: 46.19%
Recall Macro: 51.75%

F1-Score Micro: 46.19%
F1-Score Macro: 42.20%

Report: 

               precision    recall  f1-score   support

         001       0.00      0.00      0.00         3
         002       0.67      1.00      0.80         2
         003       1.00      1.00      1.00         3
         004       0.33      1.00      0.50         2
         005       1.00      1.00      1.00         2
         006       0.00      0.00      0.00         3
         007       0.33      1.00      0.50         2
         008       0.00      0.00      0.00         3
         009       0.00      0.00      0.00         3
         010       0.00      0.00      0.00         3
         011       0.67      1.00      0.80         2
         012       0.00      0.00      0.00         3
         013       0.40      1.00      0.57         2
         014       0.13      1.00      0.24         2
         015       0.00      0.00      0.00         3
         016       0.20      1.00      0.33         2
         017       0.00      0.00      0.00         3
         018       0.50      0.50      0.50         2
         019       0.00      0.00      0.00         3
         020       1.00      1.00      1.00         2
         021       1.00      0.50      0.67         2
         022       0.29      1.00      0.44         2
         023       0.40      1.00      0.57         2
         024       0.33      0.50      0.40         2
         025       1.00      1.00      1.00         2
         026       0.40      1.00      0.57         2
         027       0.25      0.50      0.33         2
         028       1.00      0.67      0.80         3
         029       0.67      1.00      0.80         2
         030       1.00      0.50      0.67         2
         031       0.00      0.00      0.00         3
         032       0.00      0.00      0.00         3
         033       0.00      0.00      0.00         3
         034       0.00      0.00      0.00         3
         035       0.18      1.00      0.31         2
         036       0.33      0.50      0.40         2
         037       0.17      1.00      0.29         2
         038       0.00      0.00      0.00         2
         039       0.00      0.00      0.00         3
         040       1.00      1.00      1.00         2
         041       0.50      0.50      0.50         2
         042       1.00      1.00      1.00         3
         043       1.00      1.00      1.00         2
         044       0.67      1.00      0.80         2
         045       1.00      1.00      1.00         3
         046       0.50      0.50      0.50         2
         047       0.29      1.00      0.44         2
         048       1.00      1.00      1.00         3
         049       0.50      1.00      0.67         2
         050       0.00      0.00      0.00         2
         051       1.00      0.50      0.67         2
         052       0.67      1.00      0.80         2
         053       1.00      1.00      1.00         2
         054       0.67      1.00      0.80         2
         055       0.67      1.00      0.80         2
         056       0.50      1.00      0.67         2
         057       1.00      1.00      1.00         2
         058       0.22      1.00      0.36         2
         059       1.00      1.00      1.00         3
         060       0.67      1.00      0.80         2
         061       1.00      1.00      1.00         2
         062       1.00      1.00      1.00         2
         063       0.40      1.00      0.57         2
         064       1.00      1.00      1.00         2
         065       1.00      1.00      1.00         2
         066       0.00      0.00      0.00         3
         067       1.00      1.00      1.00         2
         068       0.00      0.00      0.00         3
         069       1.00      0.33      0.50         3
         070       0.00      0.00      0.00         2
         071       1.00      1.00      1.00         2
         072       1.00      1.00      1.00         2
         073       0.29      1.00      0.44         2
         074       1.00      1.00      1.00         3
         075       0.00      0.00      0.00         2
         076       0.40      1.00      0.57         2
         077       0.00      0.00      0.00         3
         078       0.50      1.00      0.67         2
         079       0.00      0.00      0.00         3
         080       1.00      1.00      1.00         2
         081       1.00      1.00      1.00         3
         082       0.12      1.00      0.21         2
         083       0.00      0.00      0.00         3
         084       0.11      0.50      0.18         2
         085       1.00      0.50      0.67         2
         086       0.00      0.00      0.00         3
         087       0.60      1.00      0.75         3
         088       1.00      1.00      1.00         2
         089       1.00      1.00      1.00         2
         090       1.00      1.00      1.00         2
         091       1.00      1.00      1.00         2
         092       1.00      0.33      0.50         3
         093       0.50      0.50      0.50         2
         094       0.20      0.50      0.29         2
         095       0.00      0.00      0.00         3
         096       1.00      1.00      1.00         2
         097       1.00      0.50      0.67         2
         098       0.50      1.00      0.67         2
         099       0.20      1.00      0.33         2
         100       0.00      0.00      0.00         3
         101       0.00      0.00      0.00         3
         102       1.00      1.00      1.00         2
         103       0.40      1.00      0.57         2
         104       0.00      0.00      0.00         3
         105       0.00      0.00      0.00         3
         106       0.00      0.00      0.00         3
         107       0.00      0.00      0.00         3
         108       0.00      0.00      0.00         3
         109       0.00      0.00      0.00         3
         110       0.00      0.00      0.00         3
         111       0.00      0.00      0.00         3
         112       0.50      1.00      0.67         2
         113       0.00      0.00      0.00         3
         114       0.00      0.00      0.00         3
         115       0.22      1.00      0.36         2
         116       0.33      0.50      0.40         2
         117       0.50      0.50      0.50         2
         118       0.14      0.50      0.22         2
         119       0.00      0.00      0.00         3
         120       0.40      1.00      0.57         2
         121       0.00      0.00      0.00         2
         122       0.00      0.00      0.00         3
         123       0.00      0.00      0.00         2
         124       0.14      0.50      0.22         2
         125       0.00      0.00      0.00         3
         126       0.00      0.00      0.00         3
         127       0.22      1.00      0.36         2
         128       1.00      0.50      0.67         2
         129       1.00      1.00      1.00         2
         130       1.00      0.33      0.50         3
         131       0.00      0.00      0.00         2
         132       0.00      0.00      0.00         3
         133       0.00      0.00      0.00         3
         134       1.00      0.67      0.80         3
         135       0.00      0.00      0.00         3
         136       0.00      0.00      0.00         3
         137       1.00      1.00      1.00         2
         138       0.00      0.00      0.00         3
         139       0.50      1.00      0.67         2
         140       0.50      0.50      0.50         2
         141       0.67      1.00      0.80         2
         142       0.33      0.50      0.40         2
         143       1.00      1.00      1.00         2
         144       1.00      1.00      1.00         3
         145       0.00      0.00      0.00         3
         146       0.08      0.50      0.14         2
         147       1.00      0.67      0.80         3
         148       0.00      0.00      0.00         3
         149       0.00      0.00      0.00         3
         150       0.67      1.00      0.80         2
         151       0.25      1.00      0.40         2
         152       1.00      1.00      1.00         2
         153       1.00      0.50      0.67         2
         154       0.00      0.00      0.00         3
         155       0.50      1.00      0.67         2
         156       1.00      0.67      0.80         3
         157       0.00      0.00      0.00         3
         158       0.29      1.00      0.44         2
         159       0.00      0.00      0.00         3
         160       0.00      0.00      0.00         2
         161       0.00      0.00      0.00         3
         162       0.00      0.00      0.00         3
         163       0.40      1.00      0.57         2
         164       1.00      1.00      1.00         3
         165       0.00      0.00      0.00         2
         166       0.00      0.00      0.00         3
         167       0.00      0.00      0.00         3
         168       0.00      0.00      0.00         2
         169       1.00      0.50      0.67         2
         170       0.00      0.00      0.00         2
         171       0.00      0.00      0.00         2
         172       0.00      0.00      0.00         2
         173       0.00      0.00      0.00         2
         174       0.00      0.00      0.00         2
         175       0.25      1.00      0.40         2
         176       0.00      0.00      0.00         2
         177       0.00      0.00      0.00         3
         178       0.20      0.33      0.25         3
         179       1.00      1.00      1.00         2
         180       1.00      0.33      0.50         3
         181       1.00      1.00      1.00         2
         182       0.00      0.00      0.00         3
         183       0.00      0.00      0.00         3
         184       1.00      1.00      1.00         2
         185       1.00      0.50      0.67         2
         186       0.00      0.00      0.00         2
         187       1.00      1.00      1.00         2
         188       0.00      0.00      0.00         3
         189       0.00      0.00      0.00         3
         190       0.00      0.00      0.00         3
         191       0.67      1.00      0.80         2

    accuracy                           0.46       459
   macro avg       0.41      0.52      0.42       459
weighted avg       0.38      0.46      0.38       459
