====== LBP - LINEAR_SVC -  ======

2292 images

SEED: 5
Train size: 1833
Test size: 459

Accuracy: 76.47%

Precision Micro: 76.47%
Precision Macro: 79.30%

Recall Micro: 76.47%
Recall Macro: 76.88%

F1-Score Micro: 76.47%
F1-Score Macro: 75.37%

Report: 

               precision    recall  f1-score   support

         001       1.00      1.00      1.00         3
         002       1.00      1.00      1.00         2
         003       1.00      1.00      1.00         3
         004       0.67      1.00      0.80         2
         005       1.00      1.00      1.00         2
         006       1.00      1.00      1.00         3
         007       0.67      1.00      0.80         2
         008       1.00      0.33      0.50         3
         009       0.40      0.67      0.50         3
         010       0.33      0.67      0.44         3
         011       1.00      0.50      0.67         2
         012       1.00      0.33      0.50         3
         013       1.00      1.00      1.00         2
         014       0.25      0.50      0.33         2
         015       1.00      0.67      0.80         3
         016       1.00      1.00      1.00         2
         017       1.00      1.00      1.00         3
         018       1.00      1.00      1.00         2
         019       1.00      1.00      1.00         3
         020       0.67      1.00      0.80         2
         021       1.00      1.00      1.00         2
         022       1.00      1.00      1.00         2
         023       1.00      1.00      1.00         2
         024       1.00      0.50      0.67         2
         025       1.00      1.00      1.00         2
         026       1.00      1.00      1.00         2
         027       1.00      0.50      0.67         2
         028       1.00      1.00      1.00         3
         029       1.00      1.00      1.00         2
         030       1.00      1.00      1.00         2
         031       0.60      1.00      0.75         3
         032       1.00      0.67      0.80         3
         033       1.00      0.33      0.50         3
         034       1.00      1.00      1.00         3
         035       1.00      1.00      1.00         2
         036       0.00      0.00      0.00         2
         037       0.67      1.00      0.80         2
         038       1.00      1.00      1.00         2
         039       0.50      0.33      0.40         3
         040       1.00      1.00      1.00         2
         041       1.00      1.00      1.00         2
         042       1.00      1.00      1.00         3
         043       1.00      1.00      1.00         2
         044       0.00      0.00      0.00         2
         045       1.00      0.67      0.80         3
         046       1.00      1.00      1.00         2
         047       1.00      1.00      1.00         2
         048       1.00      1.00      1.00         3
         049       1.00      1.00      1.00         2
         050       0.00      0.00      0.00         2
         051       1.00      0.50      0.67         2
         052       1.00      1.00      1.00         2
         053       0.25      1.00      0.40         2
         054       1.00      0.50      0.67         2
         055       1.00      1.00      1.00         2
         056       1.00      1.00      1.00         2
         057       1.00      1.00      1.00         2
         058       0.67      1.00      0.80         2
         059       1.00      1.00      1.00         3
         060       1.00      0.50      0.67         2
         061       1.00      0.50      0.67         2
         062       1.00      1.00      1.00         2
         063       1.00      1.00      1.00         2
         064       1.00      1.00      1.00         2
         065       1.00      1.00      1.00         2
         066       1.00      1.00      1.00         3
         067       0.00      0.00      0.00         2
         068       1.00      1.00      1.00         3
         069       1.00      0.33      0.50         3
         070       1.00      1.00      1.00         2
         071       1.00      1.00      1.00         2
         072       1.00      1.00      1.00         2
         073       1.00      1.00      1.00         2
         074       1.00      1.00      1.00         3
         075       0.00      0.00      0.00         2
         076       1.00      0.50      0.67         2
         077       0.60      1.00      0.75         3
         078       1.00      1.00      1.00         2
         079       0.67      0.67      0.67         3
         080       1.00      1.00      1.00         2
         081       1.00      0.33      0.50         3
         082       1.00      1.00      1.00         2
         083       1.00      0.67      0.80         3
         084       1.00      1.00      1.00         2
         085       1.00      0.50      0.67         2
         086       1.00      1.00      1.00         3
         087       1.00      1.00      1.00         3
         088       1.00      1.00      1.00         2
         089       1.00      1.00      1.00         2
         090       1.00      1.00      1.00         2
         091       1.00      1.00      1.00         2
         092       1.00      1.00      1.00         3
         093       0.67      1.00      0.80         2
         094       0.67      1.00      0.80         2
         095       0.75      1.00      0.86         3
         096       1.00      1.00      1.00         2
         097       0.50      0.50      0.50         2
         098       1.00      1.00      1.00         2
         099       1.00      1.00      1.00         2
         100       1.00      1.00      1.00         3
         101       1.00      0.33      0.50         3
         102       1.00      1.00      1.00         2
         103       1.00      1.00      1.00         2
         104       0.60      1.00      0.75         3
         105       1.00      0.33      0.50         3
         106       1.00      0.33      0.50         3
         107       0.50      0.33      0.40         3
         108       0.25      0.33      0.29         3
         109       0.50      0.67      0.57         3
         110       0.00      0.00      0.00         3
         111       0.00      0.00      0.00         3
         112       1.00      0.50      0.67         2
         113       1.00      1.00      1.00         3
         114       0.75      1.00      0.86         3
         115       0.33      1.00      0.50         2
         116       1.00      1.00      1.00         2
         117       1.00      0.50      0.67         2
         118       0.67      1.00      0.80         2
         119       1.00      1.00      1.00         3
         120       1.00      1.00      1.00         2
         121       0.00      0.00      0.00         2
         122       1.00      0.33      0.50         3
         123       1.00      1.00      1.00         2
         124       0.50      0.50      0.50         2
         125       0.67      0.67      0.67         3
         126       0.50      0.33      0.40         3
         127       0.00      0.00      0.00         2
         128       1.00      0.50      0.67         2
         129       1.00      1.00      1.00         2
         130       1.00      1.00      1.00         3
         131       1.00      1.00      1.00         2
         132       0.17      0.33      0.22         3
         133       0.43      1.00      0.60         3
         134       1.00      1.00      1.00         3
         135       1.00      1.00      1.00         3
         136       0.75      1.00      0.86         3
         137       1.00      1.00      1.00         2
         138       0.75      1.00      0.86         3
         139       1.00      1.00      1.00         2
         140       1.00      1.00      1.00         2
         141       0.67      1.00      0.80         2
         142       1.00      0.50      0.67         2
         143       1.00      1.00      1.00         2
         144       0.00      0.00      0.00         3
         145       1.00      1.00      1.00         3
         146       0.25      1.00      0.40         2
         147       1.00      1.00      1.00         3
         148       1.00      1.00      1.00         3
         149       1.00      1.00      1.00         3
         150       1.00      1.00      1.00         2
         151       1.00      1.00      1.00         2
         152       0.50      1.00      0.67         2
         153       0.50      0.50      0.50         2
         154       1.00      0.33      0.50         3
         155       1.00      1.00      1.00         2
         156       1.00      1.00      1.00         3
         157       0.75      1.00      0.86         3
         158       0.50      0.50      0.50         2
         159       1.00      0.33      0.50         3
         160       0.50      0.50      0.50         2
         161       1.00      0.67      0.80         3
         162       0.67      0.67      0.67         3
         163       0.50      1.00      0.67         2
         164       1.00      0.67      0.80         3
         165       1.00      1.00      1.00         2
         166       0.25      0.33      0.29         3
         167       1.00      0.67      0.80         3
         168       0.25      0.50      0.33         2
         169       1.00      1.00      1.00         2
         170       0.50      0.50      0.50         2
         171       0.00      0.00      0.00         2
         172       0.00      0.00      0.00         2
         173       0.00      0.00      0.00         2
         174       0.00      0.00      0.00         2
         175       0.50      0.50      0.50         2
         176       1.00      0.50      0.67         2
         177       0.50      0.33      0.40         3
         178       0.50      0.67      0.57         3
         179       0.50      1.00      0.67         2
         180       0.75      1.00      0.86         3
         181       1.00      1.00      1.00         2
         182       0.75      1.00      0.86         3
         183       0.75      1.00      0.86         3
         184       1.00      1.00      1.00         2
         185       1.00      1.00      1.00         2
         186       0.00      0.00      0.00         2
         187       0.00      0.00      0.00         2
         188       1.00      1.00      1.00         3
         189       1.00      1.00      1.00         3
         190       0.50      1.00      0.67         3
         191       1.00      1.00      1.00         2

    accuracy                           0.76       459
   macro avg       0.79      0.77      0.75       459
weighted avg       0.80      0.76      0.75       459
