====== MST - SVC - KYLBERG TEXTURE DATASET====== 

4480 images

Train size: 3584
Test size: 896

Accuracy: 55.92%

Report: 

               precision    recall  f1-score   support

         BL1       0.63      0.69      0.66        32
         BL2       0.80      0.25      0.38        32
         CAN       0.82      0.97      0.89        32
         CE1       0.36      0.88      0.51        32
         CE2       0.94      0.47      0.62        32
         CUS       0.55      0.97      0.70        32
         FL1       0.79      0.34      0.48        32
         FL2       1.00      1.00      1.00        32
         GRA       0.62      0.75      0.68        32
         LEN       0.58      0.66      0.62        32
         LIN       0.36      0.56      0.44        32
         OAT       0.28      0.78      0.42        32
         PEA       0.00      0.00      0.00        32
         RI1       1.00      0.22      0.36        32
         RI2       0.62      0.25      0.36        32
         RUG       0.50      0.34      0.41        32
         SAN       0.53      0.31      0.39        32
         SC1       0.40      0.94      0.56        32
         SC2       0.53      0.94      0.67        32
         SCR       0.91      0.62      0.74        32
         SE1       0.92      0.72      0.81        32
         SE2       0.61      0.84      0.71        32
         SES       0.00      0.00      0.00        32
         ST1       0.42      0.78      0.55        32
         ST2       0.50      0.12      0.20        32
         ST3       0.46      0.19      0.27        32
         STL       0.90      0.81      0.85        32
         WAL       0.67      0.25      0.36        32

    accuracy                           0.56       896
   macro avg       0.60      0.56      0.52       896
weighted avg       0.60      0.56      0.52       896
