====== GABOR - SVC -  ======

2292 images

SEED: 5
Train size: 1833
Test size: 459

Accuracy: 6.10%

Precision Micro: 6.10%
Precision Macro: 3.04%

Recall Micro: 6.10%
Recall Macro: 7.24%

F1-Score Micro: 6.10%
F1-Score Macro: 3.68%

Report: 

               precision    recall  f1-score   support

         001       0.00      0.00      0.00         3
         002       0.00      0.00      0.00         2
         003       0.00      0.00      0.00         3
         004       0.00      0.00      0.00         2
         005       0.03      0.50      0.06         2
         006       0.00      0.00      0.00         3
         007       0.05      0.50      0.08         2
         008       0.00      0.00      0.00         3
         009       0.00      0.00      0.00         3
         010       0.00      0.00      0.00         3
         011       0.00      0.00      0.00         2
         012       0.00      0.00      0.00         3
         013       0.14      0.50      0.22         2
         014       0.29      1.00      0.44         2
         015       1.00      0.33      0.50         3
         016       0.67      1.00      0.80         2
         017       0.00      0.00      0.00         3
         018       0.00      0.00      0.00         2
         019       0.00      0.00      0.00         3
         020       0.00      0.00      0.00         2
         021       0.00      0.00      0.00         2
         022       0.50      0.50      0.50         2
         023       0.00      0.00      0.00         2
         024       0.00      0.00      0.00         2
         025       0.00      0.00      0.00         2
         026       0.00      0.00      0.00         2
         027       0.00      0.00      0.00         2
         028       0.00      0.00      0.00         3
         029       0.00      0.00      0.00         2
         030       0.00      0.00      0.00         2
         031       0.00      0.00      0.00         3
         032       0.00      0.00      0.00         3
         033       0.00      0.00      0.00         3
         034       0.00      0.00      0.00         3
         035       0.00      0.00      0.00         2
         036       0.00      0.00      0.00         2
         037       0.00      0.00      0.00         2
         038       0.00      0.00      0.00         2
         039       0.00      0.00      0.00         3
         040       0.00      0.00      0.00         2
         041       0.00      0.00      0.00         2
         042       0.00      0.00      0.00         3
         043       0.00      0.00      0.00         2
         044       0.00      0.00      0.00         2
         045       0.00      0.00      0.00         3
         046       0.00      0.00      0.00         2
         047       0.00      0.00      0.00         2
         048       0.00      0.00      0.00         3
         049       0.00      0.00      0.00         2
         050       0.03      0.50      0.05         2
         051       0.00      0.00      0.00         2
         052       0.00      0.00      0.00         2
         053       0.00      0.00      0.00         2
         054       0.00      0.00      0.00         2
         055       0.12      0.50      0.20         2
         056       0.00      0.00      0.00         2
         057       0.00      0.00      0.00         2
         058       0.00      0.00      0.00         2
         059       0.00      0.00      0.00         3
         060       0.00      0.00      0.00         2
         061       0.00      0.00      0.00         2
         062       0.00      0.00      0.00         2
         063       0.67      1.00      0.80         2
         064       0.00      0.00      0.00         2
         065       0.33      1.00      0.50         2
         066       0.00      0.00      0.00         3
         067       0.08      0.50      0.13         2
         068       0.00      0.00      0.00         3
         069       0.00      0.00      0.00         3
         070       0.17      0.50      0.25         2
         071       0.00      0.00      0.00         2
         072       0.00      0.00      0.00         2
         073       0.00      0.00      0.00         2
         074       0.00      0.00      0.00         3
         075       0.00      0.00      0.00         2
         076       0.12      0.50      0.20         2
         077       0.00      0.00      0.00         3
         078       0.00      0.00      0.00         2
         079       0.00      0.00      0.00         3
         080       0.00      0.00      0.00         2
         081       0.00      0.00      0.00         3
         082       0.00      0.00      0.00         2
         083       0.00      0.00      0.00         3
         084       0.00      0.00      0.00         2
         085       0.00      0.00      0.00         2
         086       0.00      0.00      0.00         3
         087       0.00      0.00      0.00         3
         088       0.00      0.00      0.00         2
         089       0.08      0.50      0.13         2
         090       0.05      0.50      0.08         2
         091       0.00      0.00      0.00         2
         092       0.00      0.00      0.00         3
         093       0.00      0.00      0.00         2
         094       0.00      0.00      0.00         2
         095       0.00      0.00      0.00         3
         096       0.00      0.00      0.00         2
         097       0.00      0.00      0.00         2
         098       0.00      0.00      0.00         2
         099       0.00      0.00      0.00         2
         100       0.00      0.00      0.00         3
         101       0.00      0.00      0.00         3
         102       0.03      0.50      0.06         2
         103       0.00      0.00      0.00         2
         104       0.00      0.00      0.00         3
         105       0.00      0.00      0.00         3
         106       0.00      0.00      0.00         3
         107       0.00      0.00      0.00         3
         108       0.00      0.00      0.00         3
         109       0.00      0.00      0.00         3
         110       0.00      0.00      0.00         3
         111       0.00      0.00      0.00         3
         112       0.17      0.50      0.25         2
         113       0.00      0.00      0.00         3
         114       0.00      0.00      0.00         3
         115       0.00      0.00      0.00         2
         116       0.00      0.00      0.00         2
         117       0.00      0.00      0.00         2
         118       0.00      0.00      0.00         2
         119       0.00      0.00      0.00         3
         120       0.00      0.00      0.00         2
         121       0.00      0.00      0.00         2
         122       0.00      0.00      0.00         3
         123       0.00      0.00      0.00         2
         124       0.00      0.00      0.00         2
         125       0.00      0.00      0.00         3
         126       0.00      0.00      0.00         3
         127       0.00      0.00      0.00         2
         128       0.00      0.00      0.00         2
         129       0.00      0.00      0.00         2
         130       0.00      0.00      0.00         3
         131       0.00      0.00      0.00         2
         132       0.00      0.00      0.00         3
         133       0.00      0.00      0.00         3
         134       0.00      0.00      0.00         3
         135       0.00      0.00      0.00         3
         136       0.00      0.00      0.00         3
         137       0.14      0.50      0.22         2
         138       0.00      0.00      0.00         3
         139       0.00      0.00      0.00         2
         140       0.00      0.00      0.00         2
         141       0.00      0.00      0.00         2
         142       0.00      0.00      0.00         2
         143       0.00      0.00      0.00         2
         144       0.00      0.00      0.00         3
         145       0.00      0.00      0.00         3
         146       0.00      0.00      0.00         2
         147       0.00      0.00      0.00         3
         148       0.00      0.00      0.00         3
         149       0.00      0.00      0.00         3
         150       0.00      0.00      0.00         2
         151       0.00      0.00      0.00         2
         152       0.33      0.50      0.40         2
         153       0.00      0.00      0.00         2
         154       0.00      0.00      0.00         3
         155       0.50      1.00      0.67         2
         156       0.00      0.00      0.00         3
         157       0.00      0.00      0.00         3
         158       0.00      0.00      0.00         2
         159       0.00      0.00      0.00         3
         160       0.00      0.00      0.00         2
         161       0.00      0.00      0.00         3
         162       0.00      0.00      0.00         3
         163       0.00      0.00      0.00         2
         164       0.00      0.00      0.00         3
         165       0.20      0.50      0.29         2
         166       0.00      0.00      0.00         3
         167       0.00      0.00      0.00         3
         168       0.00      0.00      0.00         2
         169       0.00      0.00      0.00         2
         170       0.00      0.00      0.00         2
         171       0.00      0.00      0.00         2
         172       0.00      0.00      0.00         2
         173       0.00      0.00      0.00         2
         174       0.00      0.00      0.00         2
         175       0.00      0.00      0.00         2
         176       0.00      0.00      0.00         2
         177       0.00      0.00      0.00         3
         178       0.00      0.00      0.00         3
         179       0.00      0.00      0.00         2
         180       0.00      0.00      0.00         3
         181       0.00      0.00      0.00         2
         182       0.00      0.00      0.00         3
         183       0.00      0.00      0.00         3
         184       0.11      0.50      0.18         2
         185       0.00      0.00      0.00         2
         186       0.00      0.00      0.00         2
         187       0.00      0.00      0.00         2
         188       0.00      0.00      0.00         3
         189       0.00      0.00      0.00         3
         190       0.00      0.00      0.00         3
         191       0.00      0.00      0.00         2

    accuracy                           0.06       459
   macro avg       0.03      0.07      0.04       459
weighted avg       0.03      0.06      0.03       459
