====== GABOR - DECISION TREE- KYLBERG TEXTURE DATASET====== 

4480 images

Train size: 3584
Test size: 896

Accuracy: 19.98%

Report: 

               precision    recall  f1-score   support

         BL1       0.26      0.19      0.22        32
         BL2       0.69      0.62      0.66        32
         CAN       0.10      0.09      0.10        32
         CE1       0.08      0.06      0.07        32
         CE2       0.97      0.97      0.97        32
         CUS       0.05      0.03      0.04        32
         FL1       0.19      0.22      0.21        32
         FL2       0.21      0.19      0.20        32
         GRA       0.06      0.06      0.06        32
         LEN       0.17      0.16      0.16        32
         LIN       0.12      0.12      0.12        32
         OAT       0.06      0.06      0.06        32
         PEA       0.17      0.16      0.16        32
         RI1       0.06      0.06      0.06        32
         RI2       0.09      0.06      0.07        32
         RUG       0.06      0.06      0.06        32
         SAN       0.11      0.12      0.12        32
         SC1       0.26      0.31      0.29        32
         SC2       0.29      0.34      0.31        32
         SCR       0.12      0.12      0.12        32
         SE1       0.22      0.19      0.20        32
         SE2       0.03      0.03      0.03        32
         SES       0.54      0.59      0.57        32
         ST1       0.16      0.16      0.16        32
         ST2       0.03      0.03      0.03        32
         ST3       0.13      0.19      0.15        32
         STL       0.07      0.06      0.07        32
         WAL       0.26      0.31      0.29        32

    accuracy                           0.20       896
   macro avg       0.20      0.20      0.20       896
weighted avg       0.20      0.20      0.20       896
