====== LBP - K_NEAREST_NEIGHBORS - USPTEX TEXTURE DATASET ======

2292 images

SEED: 5
Train size: 1833
Test size: 459

Accuracy: 77.12%

Precision Micro: 77.12%
Precision Macro: 76.42%

Recall Micro: 77.12%
Recall Macro: 77.92%

F1-Score Micro: 77.12%
F1-Score Macro: 74.37%

Report: 

               precision    recall  f1-score   support

         001       0.75      1.00      0.86         3
         002       1.00      1.00      1.00         2
         003       1.00      1.00      1.00         3
         004       0.40      1.00      0.57         2
         005       1.00      1.00      1.00         2
         006       1.00      1.00      1.00         3
         007       0.50      1.00      0.67         2
         008       1.00      0.67      0.80         3
         009       1.00      0.33      0.50         3
         010       1.00      1.00      1.00         3
         011       1.00      1.00      1.00         2
         012       1.00      1.00      1.00         3
         013       0.67      1.00      0.80         2
         014       0.67      1.00      0.80         2
         015       1.00      0.67      0.80         3
         016       0.50      1.00      0.67         2
         017       1.00      1.00      1.00         3
         018       1.00      1.00      1.00         2
         019       1.00      1.00      1.00         3
         020       1.00      1.00      1.00         2
         021       1.00      1.00      1.00         2
         022       0.50      1.00      0.67         2
         023       1.00      1.00      1.00         2
         024       0.67      1.00      0.80         2
         025       0.50      0.50      0.50         2
         026       1.00      1.00      1.00         2
         027       0.67      1.00      0.80         2
         028       1.00      1.00      1.00         3
         029       1.00      1.00      1.00         2
         030       1.00      1.00      1.00         2
         031       0.38      1.00      0.55         3
         032       1.00      0.67      0.80         3
         033       0.00      0.00      0.00         3
         034       0.75      1.00      0.86         3
         035       0.50      1.00      0.67         2
         036       0.33      0.50      0.40         2
         037       0.29      1.00      0.44         2
         038       0.50      0.50      0.50         2
         039       0.50      0.67      0.57         3
         040       1.00      1.00      1.00         2
         041       0.50      0.50      0.50         2
         042       1.00      1.00      1.00         3
         043       0.67      1.00      0.80         2
         044       0.50      1.00      0.67         2
         045       1.00      1.00      1.00         3
         046       0.67      1.00      0.80         2
         047       1.00      1.00      1.00         2
         048       1.00      1.00      1.00         3
         049       1.00      1.00      1.00         2
         050       0.33      0.50      0.40         2
         051       1.00      0.50      0.67         2
         052       0.67      1.00      0.80         2
         053       1.00      1.00      1.00         2
         054       1.00      1.00      1.00         2
         055       1.00      1.00      1.00         2
         056       1.00      1.00      1.00         2
         057       1.00      1.00      1.00         2
         058       0.50      1.00      0.67         2
         059       1.00      1.00      1.00         3
         060       1.00      1.00      1.00         2
         061       0.67      1.00      0.80         2
         062       1.00      1.00      1.00         2
         063       0.67      1.00      0.80         2
         064       1.00      1.00      1.00         2
         065       1.00      1.00      1.00         2
         066       0.75      1.00      0.86         3
         067       1.00      1.00      1.00         2
         068       1.00      0.67      0.80         3
         069       0.00      0.00      0.00         3
         070       1.00      1.00      1.00         2
         071       1.00      1.00      1.00         2
         072       1.00      1.00      1.00         2
         073       0.50      1.00      0.67         2
         074       1.00      1.00      1.00         3
         075       0.00      0.00      0.00         2
         076       1.00      1.00      1.00         2
         077       1.00      0.67      0.80         3
         078       1.00      1.00      1.00         2
         079       0.75      1.00      0.86         3
         080       1.00      1.00      1.00         2
         081       1.00      1.00      1.00         3
         082       0.29      1.00      0.44         2
         083       1.00      0.67      0.80         3
         084       0.25      0.50      0.33         2
         085       1.00      0.50      0.67         2
         086       1.00      1.00      1.00         3
         087       0.60      1.00      0.75         3
         088       1.00      1.00      1.00         2
         089       0.67      1.00      0.80         2
         090       1.00      1.00      1.00         2
         091       1.00      1.00      1.00         2
         092       1.00      1.00      1.00         3
         093       1.00      0.50      0.67         2
         094       0.40      1.00      0.57         2
         095       1.00      1.00      1.00         3
         096       1.00      1.00      1.00         2
         097       1.00      0.50      0.67         2
         098       1.00      1.00      1.00         2
         099       0.50      1.00      0.67         2
         100       1.00      1.00      1.00         3
         101       0.67      0.67      0.67         3
         102       1.00      1.00      1.00         2
         103       0.67      1.00      0.80         2
         104       0.00      0.00      0.00         3
         105       1.00      1.00      1.00         3
         106       1.00      0.67      0.80         3
         107       1.00      0.67      0.80         3
         108       1.00      0.33      0.50         3
         109       0.50      0.67      0.57         3
         110       0.00      0.00      0.00         3
         111       1.00      0.33      0.50         3
         112       1.00      1.00      1.00         2
         113       1.00      1.00      1.00         3
         114       0.75      1.00      0.86         3
         115       1.00      1.00      1.00         2
         116       1.00      0.50      0.67         2
         117       0.67      1.00      0.80         2
         118       0.50      0.50      0.50         2
         119       0.75      1.00      0.86         3
         120       0.67      1.00      0.80         2
         121       0.00      0.00      0.00         2
         122       1.00      1.00      1.00         3
         123       0.00      0.00      0.00         2
         124       0.50      0.50      0.50         2
         125       1.00      0.33      0.50         3
         126       0.60      1.00      0.75         3
         127       1.00      1.00      1.00         2
         128       1.00      1.00      1.00         2
         129       1.00      0.50      0.67         2
         130       1.00      0.33      0.50         3
         131       1.00      1.00      1.00         2
         132       0.00      0.00      0.00         3
         133       0.00      0.00      0.00         3
         134       1.00      1.00      1.00         3
         135       1.00      0.33      0.50         3
         136       0.60      1.00      0.75         3
         137       1.00      1.00      1.00         2
         138       1.00      1.00      1.00         3
         139       0.67      1.00      0.80         2
         140       1.00      0.50      0.67         2
         141       1.00      1.00      1.00         2
         142       1.00      0.50      0.67         2
         143       1.00      1.00      1.00         2
         144       1.00      1.00      1.00         3
         145       1.00      1.00      1.00         3
         146       0.50      0.50      0.50         2
         147       1.00      1.00      1.00         3
         148       1.00      1.00      1.00         3
         149       1.00      1.00      1.00         3
         150       0.67      1.00      0.80         2
         151       1.00      1.00      1.00         2
         152       1.00      1.00      1.00         2
         153       0.00      0.00      0.00         2
         154       0.43      1.00      0.60         3
         155       1.00      1.00      1.00         2
         156       1.00      0.67      0.80         3
         157       1.00      1.00      1.00         3
         158       1.00      0.50      0.67         2
         159       0.67      0.67      0.67         3
         160       1.00      1.00      1.00         2
         161       1.00      0.33      0.50         3
         162       0.50      1.00      0.67         3
         163       0.67      1.00      0.80         2
         164       1.00      1.00      1.00         3
         165       1.00      1.00      1.00         2
         166       0.00      0.00      0.00         3
         167       0.00      0.00      0.00         3
         168       0.00      0.00      0.00         2
         169       1.00      1.00      1.00         2
         170       0.00      0.00      0.00         2
         171       0.00      0.00      0.00         2
         172       0.00      0.00      0.00         2
         173       0.00      0.00      0.00         2
         174       0.00      0.00      0.00         2
         175       0.00      0.00      0.00         2
         176       0.00      0.00      0.00         2
         177       0.00      0.00      0.00         3
         178       0.40      0.67      0.50         3
         179       1.00      1.00      1.00         2
         180       1.00      0.67      0.80         3
         181       1.00      1.00      1.00         2
         182       1.00      0.67      0.80         3
         183       1.00      0.33      0.50         3
         184       1.00      1.00      1.00         2
         185       1.00      1.00      1.00         2
         186       1.00      0.50      0.67         2
         187       1.00      1.00      1.00         2
         188       1.00      0.67      0.80         3
         189       1.00      0.33      0.50         3
         190       1.00      1.00      1.00         3
         191       0.67      1.00      0.80         2

    accuracy                           0.77       459
   macro avg       0.76      0.78      0.74       459
weighted avg       0.77      0.77      0.74       459
