====== LBP - DECISION TREE -  ======

2292 images

SEED: 5
Train size: 1833
Test size: 459

Accuracy: 44.66%

Precision Micro: 44.66%
Precision Macro: 45.62%

Recall Micro: 44.66%
Recall Macro: 44.85%

F1-Score Micro: 44.66%
F1-Score Macro: 43.05%

Report: 

               precision    recall  f1-score   support

         001       1.00      1.00      1.00         3
         002       1.00      1.00      1.00         2
         003       1.00      0.33      0.50         3
         004       0.50      0.50      0.50         2
         005       1.00      0.50      0.67         2
         006       0.33      0.33      0.33         3
         007       1.00      0.50      0.67         2
         008       0.33      0.33      0.33         3
         009       0.00      0.00      0.00         3
         010       0.00      0.00      0.00         3
         011       0.67      1.00      0.80         2
         012       0.50      0.33      0.40         3
         013       0.50      0.50      0.50         2
         014       0.50      1.00      0.67         2
         015       0.50      0.33      0.40         3
         016       0.67      1.00      0.80         2
         017       1.00      1.00      1.00         3
         018       0.25      0.50      0.33         2
         019       1.00      1.00      1.00         3
         020       0.25      0.50      0.33         2
         021       0.33      0.50      0.40         2
         022       0.50      0.50      0.50         2
         023       0.50      0.50      0.50         2
         024       0.50      1.00      0.67         2
         025       0.00      0.00      0.00         2
         026       0.33      0.50      0.40         2
         027       0.00      0.00      0.00         2
         028       1.00      0.33      0.50         3
         029       0.25      0.50      0.33         2
         030       1.00      1.00      1.00         2
         031       0.00      0.00      0.00         3
         032       0.67      0.67      0.67         3
         033       0.00      0.00      0.00         3
         034       0.00      0.00      0.00         3
         035       0.50      0.50      0.50         2
         036       0.50      0.50      0.50         2
         037       0.40      1.00      0.57         2
         038       0.33      0.50      0.40         2
         039       0.67      0.67      0.67         3
         040       0.50      1.00      0.67         2
         041       0.00      0.00      0.00         2
         042       0.67      0.67      0.67         3
         043       0.67      1.00      0.80         2
         044       0.00      0.00      0.00         2
         045       1.00      0.67      0.80         3
         046       0.00      0.00      0.00         2
         047       1.00      1.00      1.00         2
         048       0.67      0.67      0.67         3
         049       0.67      1.00      0.80         2
         050       0.00      0.00      0.00         2
         051       0.33      0.50      0.40         2
         052       0.50      0.50      0.50         2
         053       0.33      0.50      0.40         2
         054       1.00      0.50      0.67         2
         055       1.00      1.00      1.00         2
         056       1.00      1.00      1.00         2
         057       1.00      0.50      0.67         2
         058       0.67      1.00      0.80         2
         059       1.00      0.33      0.50         3
         060       0.00      0.00      0.00         2
         061       0.33      0.50      0.40         2
         062       0.50      0.50      0.50         2
         063       0.50      0.50      0.50         2
         064       1.00      1.00      1.00         2
         065       0.00      0.00      0.00         2
         066       1.00      1.00      1.00         3
         067       1.00      1.00      1.00         2
         068       0.17      0.33      0.22         3
         069       0.50      0.67      0.57         3
         070       0.00      0.00      0.00         2
         071       0.00      0.00      0.00         2
         072       1.00      1.00      1.00         2
         073       0.25      0.50      0.33         2
         074       1.00      0.67      0.80         3
         075       0.00      0.00      0.00         2
         076       1.00      0.50      0.67         2
         077       0.50      0.67      0.57         3
         078       0.50      0.50      0.50         2
         079       1.00      0.33      0.50         3
         080       0.00      0.00      0.00         2
         081       0.75      1.00      0.86         3
         082       0.33      0.50      0.40         2
         083       0.50      0.67      0.57         3
         084       1.00      0.50      0.67         2
         085       0.00      0.00      0.00         2
         086       0.50      0.67      0.57         3
         087       1.00      1.00      1.00         3
         088       0.00      0.00      0.00         2
         089       0.50      0.50      0.50         2
         090       0.50      0.50      0.50         2
         091       1.00      1.00      1.00         2
         092       0.60      1.00      0.75         3
         093       0.33      0.50      0.40         2
         094       1.00      0.50      0.67         2
         095       1.00      1.00      1.00         3
         096       0.00      0.00      0.00         2
         097       0.00      0.00      0.00         2
         098       0.50      0.50      0.50         2
         099       0.50      1.00      0.67         2
         100       0.75      1.00      0.86         3
         101       0.25      0.33      0.29         3
         102       0.00      0.00      0.00         2
         103       0.00      0.00      0.00         2
         104       0.00      0.00      0.00         3
         105       0.00      0.00      0.00         3
         106       0.50      0.33      0.40         3
         107       0.50      0.33      0.40         3
         108       0.00      0.00      0.00         3
         109       1.00      0.33      0.50         3
         110       0.00      0.00      0.00         3
         111       0.00      0.00      0.00         3
         112       0.00      0.00      0.00         2
         113       0.29      0.67      0.40         3
         114       1.00      0.67      0.80         3
         115       1.00      1.00      1.00         2
         116       0.50      0.50      0.50         2
         117       0.50      0.50      0.50         2
         118       0.00      0.00      0.00         2
         119       1.00      1.00      1.00         3
         120       0.00      0.00      0.00         2
         121       0.00      0.00      0.00         2
         122       0.50      0.33      0.40         3
         123       0.00      0.00      0.00         2
         124       0.00      0.00      0.00         2
         125       0.00      0.00      0.00         3
         126       0.50      0.67      0.57         3
         127       0.00      0.00      0.00         2
         128       1.00      0.50      0.67         2
         129       0.50      1.00      0.67         2
         130       0.75      1.00      0.86         3
         131       0.00      0.00      0.00         2
         132       0.50      0.33      0.40         3
         133       0.00      0.00      0.00         3
         134       1.00      0.33      0.50         3
         135       0.00      0.00      0.00         3
         136       0.00      0.00      0.00         3
         137       0.00      0.00      0.00         2
         138       0.00      0.00      0.00         3
         139       0.67      1.00      0.80         2
         140       0.33      0.50      0.40         2
         141       1.00      1.00      1.00         2
         142       0.00      0.00      0.00         2
         143       1.00      1.00      1.00         2
         144       1.00      1.00      1.00         3
         145       1.00      0.33      0.50         3
         146       0.00      0.00      0.00         2
         147       1.00      1.00      1.00         3
         148       0.25      0.33      0.29         3
         149       0.00      0.00      0.00         3
         150       1.00      0.50      0.67         2
         151       0.25      0.50      0.33         2
         152       1.00      1.00      1.00         2
         153       0.00      0.00      0.00         2
         154       0.25      0.33      0.29         3
         155       1.00      0.50      0.67         2
         156       0.67      0.67      0.67         3
         157       0.60      1.00      0.75         3
         158       0.00      0.00      0.00         2
         159       0.00      0.00      0.00         3
         160       0.00      0.00      0.00         2
         161       0.00      0.00      0.00         3
         162       0.50      0.67      0.57         3
         163       0.50      0.50      0.50         2
         164       1.00      0.67      0.80         3
         165       1.00      0.50      0.67         2
         166       0.33      0.33      0.33         3
         167       0.00      0.00      0.00         3
         168       0.00      0.00      0.00         2
         169       0.50      1.00      0.67         2
         170       0.00      0.00      0.00         2
         171       0.00      0.00      0.00         2
         172       0.00      0.00      0.00         2
         173       0.00      0.00      0.00         2
         174       0.00      0.00      0.00         2
         175       0.50      0.50      0.50         2
         176       0.00      0.00      0.00         2
         177       0.00      0.00      0.00         3
         178       0.50      0.33      0.40         3
         179       1.00      0.50      0.67         2
         180       0.50      0.33      0.40         3
         181       1.00      1.00      1.00         2
         182       0.00      0.00      0.00         3
         183       0.33      0.33      0.33         3
         184       1.00      0.50      0.67         2
         185       0.67      1.00      0.80         2
         186       0.00      0.00      0.00         2
         187       0.67      1.00      0.80         2
         188       1.00      0.67      0.80         3
         189       0.00      0.00      0.00         3
         190       0.67      0.67      0.67         3
         191       0.67      1.00      0.80         2

    accuracy                           0.45       459
   macro avg       0.46      0.45      0.43       459
weighted avg       0.46      0.45      0.43       459
