====== MST - DECISION TREE -  ======

2292 images

SEED: 5
Train size: 1833
Test size: 459

Accuracy: 31.81%

Precision Micro: 31.81%
Precision Macro: 30.59%

Recall Micro: 31.81%
Recall Macro: 31.24%

F1-Score Micro: 31.81%
F1-Score Macro: 28.96%

Report: 

               precision    recall  f1-score   support

           1       1.00      1.00      1.00         3
           2       0.00      0.00      0.00         2
           3       0.00      0.00      0.00         3
           4       0.40      1.00      0.57         2
           5       0.50      1.00      0.67         2
           6       0.00      0.00      0.00         3
           7       0.00      0.00      0.00         2
           8       0.67      0.67      0.67         3
           9       1.00      0.33      0.50         3
          10       1.00      0.33      0.50         3
          11       0.00      0.00      0.00         2
          12       0.67      0.67      0.67         3
          13       0.50      0.50      0.50         2
          14       1.00      1.00      1.00         2
          15       0.67      0.67      0.67         3
          16       0.00      0.00      0.00         2
          17       0.33      0.33      0.33         3
          18       0.00      0.00      0.00         2
          19       1.00      0.67      0.80         3
          20       0.00      0.00      0.00         2
          21       0.00      0.00      0.00         2
          22       0.33      0.50      0.40         2
          23       0.00      0.00      0.00         2
          24       0.50      0.50      0.50         2
          25       0.00      0.00      0.00         2
          26       1.00      0.50      0.67         2
          27       0.00      0.00      0.00         2
          28       0.00      0.00      0.00         3
          29       0.00      0.00      0.00         2
          30       0.00      0.00      0.00         2
          31       0.40      0.67      0.50         3
          32       0.50      0.67      0.57         3
          33       0.67      0.67      0.67         3
          34       0.00      0.00      0.00         3
          35       0.33      0.50      0.40         2
          36       0.00      0.00      0.00         2
          37       0.00      0.00      0.00         2
          38       0.00      0.00      0.00         2
          39       0.75      1.00      0.86         3
          40       0.33      0.50      0.40         2
          41       1.00      0.50      0.67         2
          42       1.00      0.67      0.80         3
          43       0.00      0.00      0.00         2
          44       0.00      0.00      0.00         2
          45       0.00      0.00      0.00         3
          46       0.00      0.00      0.00         2
          47       0.00      0.00      0.00         2
          48       0.33      0.33      0.33         3
          49       0.67      1.00      0.80         2
          50       0.00      0.00      0.00         2
          51       0.50      0.50      0.50         2
          52       0.00      0.00      0.00         2
          53       0.00      0.00      0.00         2
          54       0.40      1.00      0.57         2
          55       1.00      1.00      1.00         2
          56       0.12      0.50      0.20         2
          57       0.00      0.00      0.00         2
          58       1.00      1.00      1.00         2
          59       0.33      0.33      0.33         3
          60       0.50      1.00      0.67         2
          61       0.00      0.00      0.00         2
          62       0.00      0.00      0.00         2
          63       0.00      0.00      0.00         2
          64       0.50      1.00      0.67         2
          65       0.00      0.00      0.00         2
          66       0.50      0.33      0.40         3
          67       1.00      1.00      1.00         2
          68       0.33      0.67      0.44         3
          69       0.00      0.00      0.00         3
          70       1.00      1.00      1.00         2
          71       1.00      0.50      0.67         2
          72       1.00      1.00      1.00         2
          73       0.00      0.00      0.00         2
          74       1.00      1.00      1.00         3
          75       0.00      0.00      0.00         2
          76       0.00      0.00      0.00         2
          77       0.33      0.33      0.33         3
          78       0.67      1.00      0.80         2
          79       0.00      0.00      0.00         3
          80       0.40      1.00      0.57         2
          81       0.75      1.00      0.86         3
          82       0.67      1.00      0.80         2
          83       0.00      0.00      0.00         3
          84       0.33      0.50      0.40         2
          85       0.00      0.00      0.00         2
          86       1.00      0.67      0.80         3
          87       0.00      0.00      0.00         3
          88       0.20      0.50      0.29         2
          89       1.00      0.50      0.67         2
          90       0.50      1.00      0.67         2
          91       0.00      0.00      0.00         2
          92       0.00      0.00      0.00         3
          93       1.00      0.50      0.67         2
          94       0.00      0.00      0.00         2
          95       0.67      0.67      0.67         3
          96       0.00      0.00      0.00         2
          97       0.00      0.00      0.00         2
          98       0.00      0.00      0.00         2
          99       0.50      1.00      0.67         2
         100       0.33      0.33      0.33         3
         101       0.50      0.33      0.40         3
         102       0.00      0.00      0.00         2
         103       1.00      0.50      0.67         2
         104       0.00      0.00      0.00         3
         105       0.33      0.33      0.33         3
         106       0.00      0.00      0.00         3
         107       0.00      0.00      0.00         3
         108       0.00      0.00      0.00         3
         109       0.50      0.33      0.40         3
         110       0.00      0.00      0.00         3
         111       0.40      0.67      0.50         3
         112       0.00      0.00      0.00         2
         113       0.33      0.33      0.33         3
         114       0.67      0.67      0.67         3
         115       1.00      0.50      0.67         2
         116       0.00      0.00      0.00         2
         117       0.00      0.00      0.00         2
         118       0.00      0.00      0.00         2
         119       0.00      0.00      0.00         3
         120       0.00      0.00      0.00         2
         121       0.00      0.00      0.00         2
         122       1.00      0.33      0.50         3
         123       0.50      0.50      0.50         2
         124       0.25      0.50      0.33         2
         125       0.00      0.00      0.00         3
         126       0.33      0.67      0.44         3
         127       0.50      0.50      0.50         2
         128       0.00      0.00      0.00         2
         129       0.00      0.00      0.00         2
         130       0.00      0.00      0.00         3
         131       0.00      0.00      0.00         2
         132       0.00      0.00      0.00         3
         133       0.50      0.33      0.40         3
         134       0.60      1.00      0.75         3
         135       0.17      0.33      0.22         3
         136       1.00      0.33      0.50         3
         137       0.25      0.50      0.33         2
         138       0.00      0.00      0.00         3
         139       0.00      0.00      0.00         2
         140       0.00      0.00      0.00         2
         141       0.50      0.50      0.50         2
         142       0.00      0.00      0.00         2
         143       0.00      0.00      0.00         2
         144       0.50      0.33      0.40         3
         145       0.50      0.33      0.40         3
         146       0.00      0.00      0.00         2
         147       0.50      0.33      0.40         3
         148       0.25      0.33      0.29         3
         149       0.00      0.00      0.00         3
         150       0.00      0.00      0.00         2
         151       0.00      0.00      0.00         2
         152       0.17      0.50      0.25         2
         153       0.00      0.00      0.00         2
         154       0.00      0.00      0.00         3
         155       0.00      0.00      0.00         2
         156       0.00      0.00      0.00         3
         157       0.40      0.67      0.50         3
         158       0.00      0.00      0.00         2
         159       1.00      1.00      1.00         3
         160       0.00      0.00      0.00         2
         161       0.00      0.00      0.00         3
         162       0.33      0.33      0.33         3
         163       0.00      0.00      0.00         2
         164       1.00      0.33      0.50         3
         165       0.00      0.00      0.00         2
         166       0.00      0.00      0.00         3
         167       0.20      0.33      0.25         3
         168       0.00      0.00      0.00         2
         169       0.50      0.50      0.50         2
         170       0.00      0.00      0.00         2
         171       0.00      0.00      0.00         2
         172       0.50      0.50      0.50         2
         173       0.00      0.00      0.00         2
         174       0.00      0.00      0.00         2
         175       1.00      0.50      0.67         2
         176       0.50      1.00      0.67         2
         177       0.00      0.00      0.00         3
         178       0.50      0.33      0.40         3
         179       0.00      0.00      0.00         2
         180       1.00      0.67      0.80         3
         181       0.67      1.00      0.80         2
         182       0.25      0.33      0.29         3
         183       0.40      0.67      0.50         3
         184       0.00      0.00      0.00         2
         185       0.00      0.00      0.00         2
         186       0.00      0.00      0.00         2
         187       1.00      0.50      0.67         2
         188       0.50      0.33      0.40         3
         189       0.00      0.00      0.00         3
         190       0.67      0.67      0.67         3
         191       0.67      1.00      0.80         2

    accuracy                           0.32       459
   macro avg       0.31      0.31      0.29       459
weighted avg       0.32      0.32      0.30       459
