====== MST - LINEAR_SVC - KYLBERG TEXTURE DATASET====== 

4480 images

Train size: 3584
Test size: 896

Accuracy: 68.75%

Report: 

               precision    recall  f1-score   support

         BL1       0.00      0.00      0.00        32
         BL2       1.00      0.75      0.86        32
         CAN       1.00      0.88      0.93        32
         CE1       0.74      1.00      0.85        32
         CE2       0.91      0.97      0.94        32
         CUS       0.68      1.00      0.81        32
         FL1       0.84      0.66      0.74        32
         FL2       0.97      1.00      0.98        32
         GRA       0.56      0.56      0.56        32
         LEN       0.34      0.34      0.34        32
         LIN       0.54      0.41      0.46        32
         OAT       1.00      0.31      0.48        32
         PEA       0.96      0.69      0.80        32
         RI1       1.00      0.78      0.88        32
         RI2       0.60      0.28      0.38        32
         RUG       0.62      0.81      0.70        32
         SAN       0.61      0.62      0.62        32
         SC1       0.82      0.97      0.89        32
         SC2       0.77      0.94      0.85        32
         SCR       0.89      1.00      0.94        32
         SE1       0.48      0.78      0.60        32
         SE2       0.38      1.00      0.55        32
         SES       0.85      0.34      0.49        32
         ST1       0.90      0.56      0.69        32
         ST2       0.45      0.69      0.54        32
         ST3       0.67      0.06      0.11        32
         STL       0.60      1.00      0.75        32
         WAL       0.73      0.84      0.78        32

    accuracy                           0.69       896
   macro avg       0.71      0.69      0.66       896
weighted avg       0.71      0.69      0.66       896
