====== LBP - DECISION TREE- KYLBERG TEXTURE DATASET====== 

4480 images

Train size: 3584
Test size: 896

Accuracy: 93.30%

Report: 

               precision    recall  f1-score   support

         BL1       0.94      0.97      0.95        32
         BL2       0.97      0.91      0.94        32
         CAN       0.94      0.91      0.92        32
         CE1       1.00      0.94      0.97        32
         CE2       1.00      0.94      0.97        32
         CUS       0.90      0.88      0.89        32
         FL1       0.91      0.97      0.94        32
         FL2       1.00      0.97      0.98        32
         GRA       0.90      0.88      0.89        32
         LEN       0.97      0.91      0.94        32
         LIN       0.94      0.91      0.92        32
         OAT       0.97      0.97      0.97        32
         PEA       0.93      0.78      0.85        32
         RI1       0.97      1.00      0.98        32
         RI2       0.83      0.91      0.87        32
         RUG       0.86      0.94      0.90        32
         SAN       0.85      0.88      0.86        32
         SC1       0.97      1.00      0.98        32
         SC2       0.91      0.94      0.92        32
         SCR       1.00      0.97      0.98        32
         SE1       1.00      1.00      1.00        32
         SE2       0.97      1.00      0.98        32
         SES       0.86      1.00      0.93        32
         ST1       0.94      0.91      0.92        32
         ST2       0.91      0.97      0.94        32
         ST3       0.81      0.81      0.81        32
         STL       0.94      0.94      0.94        32
         WAL       1.00      0.97      0.98        32

    accuracy                           0.93       896
   macro avg       0.93      0.93      0.93       896
weighted avg       0.93      0.93      0.93       896
