====== TAMURA - DECISION TREE - USPTEX TEXTURE DATASET ======

2292 images

SEED: 5
Train size: 1833
Test size: 459

Accuracy: 32.90%

Precision Micro: 32.90%
Precision Macro: 31.49%

Recall Micro: 32.90%
Recall Macro: 32.98%

F1-Score Micro: 32.90%
F1-Score Macro: 30.64%

Report: 

               precision    recall  f1-score   support

         001       1.00      1.00      1.00         3
         002       1.00      0.50      0.67         2
         003       0.25      0.33      0.29         3
         004       0.50      1.00      0.67         2
         005       1.00      1.00      1.00         2
         006       0.33      0.33      0.33         3
         007       0.20      0.50      0.29         2
         008       0.50      0.67      0.57         3
         009       0.00      0.00      0.00         3
         010       1.00      1.00      1.00         3
         011       0.00      0.00      0.00         2
         012       0.67      0.67      0.67         3
         013       0.20      0.50      0.29         2
         014       1.00      0.50      0.67         2
         015       0.67      0.67      0.67         3
         016       0.67      1.00      0.80         2
         017       1.00      0.33      0.50         3
         018       0.00      0.00      0.00         2
         019       0.00      0.00      0.00         3
         020       1.00      0.50      0.67         2
         021       0.67      1.00      0.80         2
         022       0.67      1.00      0.80         2
         023       0.00      0.00      0.00         2
         024       0.00      0.00      0.00         2
         025       0.20      0.50      0.29         2
         026       0.25      0.50      0.33         2
         027       0.00      0.00      0.00         2
         028       0.50      0.33      0.40         3
         029       0.00      0.00      0.00         2
         030       1.00      0.50      0.67         2
         031       0.00      0.00      0.00         3
         032       0.67      0.67      0.67         3
         033       0.00      0.00      0.00         3
         034       0.50      0.67      0.57         3
         035       0.00      0.00      0.00         2
         036       0.00      0.00      0.00         2
         037       0.25      0.50      0.33         2
         038       0.00      0.00      0.00         2
         039       0.00      0.00      0.00         3
         040       0.00      0.00      0.00         2
         041       1.00      0.50      0.67         2
         042       0.00      0.00      0.00         3
         043       0.00      0.00      0.00         2
         044       0.00      0.00      0.00         2
         045       1.00      1.00      1.00         3
         046       0.00      0.00      0.00         2
         047       0.33      0.50      0.40         2
         048       1.00      0.67      0.80         3
         049       0.20      0.50      0.29         2
         050       0.00      0.00      0.00         2
         051       0.00      0.00      0.00         2
         052       0.25      0.50      0.33         2
         053       0.25      0.50      0.33         2
         054       1.00      1.00      1.00         2
         055       1.00      1.00      1.00         2
         056       0.00      0.00      0.00         2
         057       0.00      0.00      0.00         2
         058       0.33      0.50      0.40         2
         059       1.00      1.00      1.00         3
         060       0.67      1.00      0.80         2
         061       0.00      0.00      0.00         2
         062       0.00      0.00      0.00         2
         063       0.50      0.50      0.50         2
         064       1.00      1.00      1.00         2
         065       0.25      1.00      0.40         2
         066       0.00      0.00      0.00         3
         067       0.50      0.50      0.50         2
         068       0.00      0.00      0.00         3
         069       0.00      0.00      0.00         3
         070       0.67      1.00      0.80         2
         071       1.00      1.00      1.00         2
         072       1.00      1.00      1.00         2
         073       0.50      0.50      0.50         2
         074       0.67      0.67      0.67         3
         075       0.00      0.00      0.00         2
         076       0.00      0.00      0.00         2
         077       0.60      1.00      0.75         3
         078       1.00      1.00      1.00         2
         079       0.00      0.00      0.00         3
         080       0.00      0.00      0.00         2
         081       1.00      1.00      1.00         3
         082       0.00      0.00      0.00         2
         083       0.00      0.00      0.00         3
         084       0.00      0.00      0.00         2
         085       0.00      0.00      0.00         2
         086       0.25      0.33      0.29         3
         087       1.00      1.00      1.00         3
         088       0.25      0.50      0.33         2
         089       0.00      0.00      0.00         2
         090       0.25      0.50      0.33         2
         091       0.50      1.00      0.67         2
         092       1.00      0.67      0.80         3
         093       0.00      0.00      0.00         2
         094       0.00      0.00      0.00         2
         095       1.00      0.33      0.50         3
         096       1.00      1.00      1.00         2
         097       0.00      0.00      0.00         2
         098       0.00      0.00      0.00         2
         099       0.00      0.00      0.00         2
         100       0.50      0.33      0.40         3
         101       0.33      0.33      0.33         3
         102       1.00      0.50      0.67         2
         103       0.00      0.00      0.00         2
         104       0.50      0.33      0.40         3
         105       0.25      0.33      0.29         3
         106       0.33      0.33      0.33         3
         107       0.00      0.00      0.00         3
         108       0.00      0.00      0.00         3
         109       0.14      0.33      0.20         3
         110       0.00      0.00      0.00         3
         111       0.00      0.00      0.00         3
         112       1.00      0.50      0.67         2
         113       1.00      1.00      1.00         3
         114       0.00      0.00      0.00         3
         115       0.00      0.00      0.00         2
         116       0.50      0.50      0.50         2
         117       0.00      0.00      0.00         2
         118       0.00      0.00      0.00         2
         119       0.67      0.67      0.67         3
         120       0.00      0.00      0.00         2
         121       0.00      0.00      0.00         2
         122       0.50      0.33      0.40         3
         123       0.67      1.00      0.80         2
         124       0.00      0.00      0.00         2
         125       0.00      0.00      0.00         3
         126       0.20      0.33      0.25         3
         127       0.00      0.00      0.00         2
         128       0.00      0.00      0.00         2
         129       0.00      0.00      0.00         2
         130       1.00      1.00      1.00         3
         131       0.00      0.00      0.00         2
         132       0.00      0.00      0.00         3
         133       0.00      0.00      0.00         3
         134       0.40      0.67      0.50         3
         135       0.00      0.00      0.00         3
         136       0.00      0.00      0.00         3
         137       1.00      1.00      1.00         2
         138       0.00      0.00      0.00         3
         139       0.33      0.50      0.40         2
         140       0.50      0.50      0.50         2
         141       0.00      0.00      0.00         2
         142       0.00      0.00      0.00         2
         143       0.67      1.00      0.80         2
         144       1.00      1.00      1.00         3
         145       0.00      0.00      0.00         3
         146       0.00      0.00      0.00         2
         147       0.00      0.00      0.00         3
         148       1.00      0.67      0.80         3
         149       1.00      0.33      0.50         3
         150       0.33      0.50      0.40         2
         151       0.67      1.00      0.80         2
         152       0.00      0.00      0.00         2
         153       0.00      0.00      0.00         2
         154       0.00      0.00      0.00         3
         155       0.50      0.50      0.50         2
         156       0.00      0.00      0.00         3
         157       0.67      0.67      0.67         3
         158       0.00      0.00      0.00         2
         159       0.00      0.00      0.00         3
         160       0.50      1.00      0.67         2
         161       0.00      0.00      0.00         3
         162       0.00      0.00      0.00         3
         163       0.50      1.00      0.67         2
         164       0.00      0.00      0.00         3
         165       0.00      0.00      0.00         2
         166       0.00      0.00      0.00         3
         167       0.00      0.00      0.00         3
         168       0.33      0.50      0.40         2
         169       0.00      0.00      0.00         2
         170       0.00      0.00      0.00         2
         171       0.50      0.50      0.50         2
         172       0.00      0.00      0.00         2
         173       0.00      0.00      0.00         2
         174       0.00      0.00      0.00         2
         175       0.50      0.50      0.50         2
         176       0.00      0.00      0.00         2
         177       0.33      0.67      0.44         3
         178       0.00      0.00      0.00         3
         179       0.33      0.50      0.40         2
         180       0.00      0.00      0.00         3
         181       1.00      0.50      0.67         2
         182       1.00      0.67      0.80         3
         183       0.00      0.00      0.00         3
         184       0.00      0.00      0.00         2
         185       0.00      0.00      0.00         2
         186       0.00      0.00      0.00         2
         187       0.00      0.00      0.00         2
         188       0.50      0.33      0.40         3
         189       0.33      0.33      0.33         3
         190       0.00      0.00      0.00         3
         191       0.00      0.00      0.00         2

    accuracy                           0.33       459
   macro avg       0.31      0.33      0.31       459
weighted avg       0.32      0.33      0.31       459
