====== HARALICK - DECISION TREE- KYLBERG TEXTURE DATASET====== 

4480 images

Train size: 3584
Test size: 896

Accuracy: 88.28%

Report: 

               precision    recall  f1-score   support

         BL1       0.93      0.88      0.90        32
         BL2       0.93      0.81      0.87        32
         CAN       1.00      0.97      0.98        32
         CE1       1.00      0.97      0.98        32
         CE2       1.00      0.94      0.97        32
         CUS       0.79      0.72      0.75        32
         FL1       0.97      0.97      0.97        32
         FL2       1.00      1.00      1.00        32
         GRA       0.86      0.94      0.90        32
         LEN       0.76      0.59      0.67        32
         LIN       0.94      0.94      0.94        32
         OAT       0.84      0.84      0.84        32
         PEA       0.91      0.91      0.91        32
         RI1       0.97      1.00      0.98        32
         RI2       0.80      0.62      0.70        32
         RUG       0.82      0.88      0.85        32
         SAN       0.76      0.81      0.79        32
         SC1       0.94      0.97      0.95        32
         SC2       0.89      0.97      0.93        32
         SCR       0.88      0.88      0.88        32
         SE1       1.00      0.97      0.98        32
         SE2       0.97      1.00      0.98        32
         SES       0.68      0.94      0.79        32
         ST1       0.90      0.88      0.89        32
         ST2       0.67      0.62      0.65        32
         ST3       0.72      0.81      0.76        32
         STL       0.97      0.97      0.97        32
         WAL       0.88      0.94      0.91        32

    accuracy                           0.88       896
   macro avg       0.89      0.88      0.88       896
weighted avg       0.89      0.88      0.88       896
