====== HARALICK - DECISION TREE - USPTEX TEXTURE DATASET ======

2292 images

SEED: 5
Train size: 1833
Test size: 459

Accuracy: 42.05%

Precision Micro: 42.05%
Precision Macro: 42.56%

Recall Micro: 42.05%
Recall Macro: 42.06%

F1-Score Micro: 42.05%
F1-Score Macro: 39.88%

Report: 

               precision    recall  f1-score   support

         001       1.00      1.00      1.00         3
         002       0.00      0.00      0.00         2
         003       0.50      0.67      0.57         3
         004       0.50      0.50      0.50         2
         005       0.50      1.00      0.67         2
         006       1.00      1.00      1.00         3
         007       0.50      0.50      0.50         2
         008       1.00      1.00      1.00         3
         009       1.00      0.67      0.80         3
         010       1.00      0.33      0.50         3
         011       1.00      0.50      0.67         2
         012       1.00      1.00      1.00         3
         013       1.00      1.00      1.00         2
         014       1.00      1.00      1.00         2
         015       1.00      1.00      1.00         3
         016       1.00      1.00      1.00         2
         017       1.00      1.00      1.00         3
         018       0.00      0.00      0.00         2
         019       1.00      0.67      0.80         3
         020       0.00      0.00      0.00         2
         021       1.00      0.50      0.67         2
         022       0.67      1.00      0.80         2
         023       0.20      0.50      0.29         2
         024       0.00      0.00      0.00         2
         025       1.00      0.50      0.67         2
         026       0.33      0.50      0.40         2
         027       0.00      0.00      0.00         2
         028       0.00      0.00      0.00         3
         029       0.20      0.50      0.29         2
         030       0.50      0.50      0.50         2
         031       0.50      0.67      0.57         3
         032       0.50      0.33      0.40         3
         033       0.00      0.00      0.00         3
         034       0.50      1.00      0.67         3
         035       0.00      0.00      0.00         2
         036       0.00      0.00      0.00         2
         037       0.00      0.00      0.00         2
         038       0.25      0.50      0.33         2
         039       0.50      0.33      0.40         3
         040       0.00      0.00      0.00         2
         041       0.00      0.00      0.00         2
         042       0.33      0.33      0.33         3
         043       0.33      0.50      0.40         2
         044       1.00      1.00      1.00         2
         045       0.00      0.00      0.00         3
         046       0.33      0.50      0.40         2
         047       0.25      0.50      0.33         2
         048       1.00      0.33      0.50         3
         049       1.00      0.50      0.67         2
         050       0.33      0.50      0.40         2
         051       0.50      0.50      0.50         2
         052       0.50      0.50      0.50         2
         053       0.67      1.00      0.80         2
         054       1.00      1.00      1.00         2
         055       1.00      0.50      0.67         2
         056       0.20      0.50      0.29         2
         057       0.50      0.50      0.50         2
         058       1.00      0.50      0.67         2
         059       0.20      0.33      0.25         3
         060       0.50      1.00      0.67         2
         061       0.00      0.00      0.00         2
         062       0.67      1.00      0.80         2
         063       1.00      1.00      1.00         2
         064       1.00      0.50      0.67         2
         065       0.50      0.50      0.50         2
         066       1.00      0.33      0.50         3
         067       0.50      0.50      0.50         2
         068       1.00      0.67      0.80         3
         069       0.00      0.00      0.00         3
         070       0.50      1.00      0.67         2
         071       0.67      1.00      0.80         2
         072       1.00      1.00      1.00         2
         073       0.00      0.00      0.00         2
         074       1.00      1.00      1.00         3
         075       0.00      0.00      0.00         2
         076       0.00      0.00      0.00         2
         077       0.50      0.67      0.57         3
         078       0.00      0.00      0.00         2
         079       0.00      0.00      0.00         3
         080       0.50      0.50      0.50         2
         081       1.00      1.00      1.00         3
         082       0.40      1.00      0.57         2
         083       0.50      0.33      0.40         3
         084       1.00      1.00      1.00         2
         085       0.00      0.00      0.00         2
         086       0.67      0.67      0.67         3
         087       0.50      0.33      0.40         3
         088       0.50      0.50      0.50         2
         089       1.00      0.50      0.67         2
         090       0.50      0.50      0.50         2
         091       0.50      0.50      0.50         2
         092       0.75      1.00      0.86         3
         093       1.00      1.00      1.00         2
         094       0.33      0.50      0.40         2
         095       0.50      0.33      0.40         3
         096       0.33      0.50      0.40         2
         097       0.00      0.00      0.00         2
         098       0.00      0.00      0.00         2
         099       0.33      1.00      0.50         2
         100       0.20      0.33      0.25         3
         101       0.25      0.33      0.29         3
         102       1.00      0.50      0.67         2
         103       1.00      0.50      0.67         2
         104       0.25      0.33      0.29         3
         105       0.00      0.00      0.00         3
         106       0.00      0.00      0.00         3
         107       0.00      0.00      0.00         3
         108       0.00      0.00      0.00         3
         109       1.00      0.33      0.50         3
         110       0.25      0.33      0.29         3
         111       0.17      0.33      0.22         3
         112       0.00      0.00      0.00         2
         113       0.33      0.33      0.33         3
         114       0.22      0.67      0.33         3
         115       0.00      0.00      0.00         2
         116       0.00      0.00      0.00         2
         117       0.50      0.50      0.50         2
         118       0.50      0.50      0.50         2
         119       1.00      0.33      0.50         3
         120       0.00      0.00      0.00         2
         121       0.33      0.50      0.40         2
         122       0.50      0.33      0.40         3
         123       0.00      0.00      0.00         2
         124       0.00      0.00      0.00         2
         125       0.00      0.00      0.00         3
         126       0.67      0.67      0.67         3
         127       0.50      1.00      0.67         2
         128       0.00      0.00      0.00         2
         129       0.00      0.00      0.00         2
         130       0.33      0.33      0.33         3
         131       0.50      0.50      0.50         2
         132       0.40      0.67      0.50         3
         133       0.50      0.67      0.57         3
         134       0.50      0.67      0.57         3
         135       0.00      0.00      0.00         3
         136       0.00      0.00      0.00         3
         137       0.50      1.00      0.67         2
         138       0.75      1.00      0.86         3
         139       0.00      0.00      0.00         2
         140       0.00      0.00      0.00         2
         141       0.50      0.50      0.50         2
         142       0.00      0.00      0.00         2
         143       1.00      0.50      0.67         2
         144       1.00      1.00      1.00         3
         145       0.00      0.00      0.00         3
         146       0.25      0.50      0.33         2
         147       1.00      0.33      0.50         3
         148       0.00      0.00      0.00         3
         149       0.00      0.00      0.00         3
         150       0.20      0.50      0.29         2
         151       1.00      0.50      0.67         2
         152       0.00      0.00      0.00         2
         153       0.00      0.00      0.00         2
         154       0.00      0.00      0.00         3
         155       0.50      0.50      0.50         2
         156       1.00      0.67      0.80         3
         157       0.50      0.33      0.40         3
         158       0.00      0.00      0.00         2
         159       1.00      1.00      1.00         3
         160       0.40      1.00      0.57         2
         161       0.00      0.00      0.00         3
         162       0.00      0.00      0.00         3
         163       0.50      0.50      0.50         2
         164       1.00      0.33      0.50         3
         165       0.00      0.00      0.00         2
         166       0.00      0.00      0.00         3
         167       1.00      0.67      0.80         3
         168       0.00      0.00      0.00         2
         169       0.00      0.00      0.00         2
         170       0.00      0.00      0.00         2
         171       0.00      0.00      0.00         2
         172       0.00      0.00      0.00         2
         173       0.00      0.00      0.00         2
         174       0.00      0.00      0.00         2
         175       0.50      0.50      0.50         2
         176       0.50      1.00      0.67         2
         177       0.00      0.00      0.00         3
         178       0.50      0.67      0.57         3
         179       0.00      0.00      0.00         2
         180       0.67      0.67      0.67         3
         181       0.67      1.00      0.80         2
         182       1.00      0.67      0.80         3
         183       0.00      0.00      0.00         3
         184       0.00      0.00      0.00         2
         185       0.33      0.50      0.40         2
         186       1.00      0.50      0.67         2
         187       0.67      1.00      0.80         2
         188       0.00      0.00      0.00         3
         189       0.00      0.00      0.00         3
         190       0.50      0.33      0.40         3
         191       0.50      0.50      0.50         2

    accuracy                           0.42       459
   macro avg       0.43      0.42      0.40       459
weighted avg       0.43      0.42      0.40       459
