91 13 4 
1 BAR 173.09989547729492 38.9073572854983 -1.4570767516118297 2.1073571945789773 
2 BAR 173.0670928955078 38.020671318785695 -1.3661813086738381 1.8355742419204377 
3 BAR 173.27723693847656 37.86378646355591 -1.3831878879493438 1.9172104538672334 
4 BAR 174.05217361450195 37.77995590866443 -1.4354788287684794 2.1395415861196687 
5 BAR 172.7515869140625 39.10074076464354 -1.3938534328470569 1.8896812211363558 
6 BAR 173.1317138671875 37.681118707384826 -1.3052945871295045 1.6096704974690397 
7 BAR 174.3920783996582 37.275273817812696 -1.327924988701547 1.6998759057952864 
8 BRI 190.64320373535156 22.223538727878374 -1.5416363870163996 4.259485700002884 
9 BRI 189.41827774047852 22.664349048821677 -1.5562979567490152 4.416722028414182 
10 BRI 189.61988067626953 22.344203609812343 -1.4903718471858174 4.243546761797496 
11 BRI 188.63629531860352 21.950388032450544 -1.4256776224108831 4.464344658936103 
12 BRI 189.34387588500977 21.889271942391172 -1.4399225410639582 4.095031870369709 
13 BRI 189.1713752746582 21.437883605962732 -1.4497347027442165 4.146763155813452 
14 BRI 187.45330810546875 21.768794248394258 -1.512645787730024 4.40660224685633 
15 BUB 142.09210586547852 46.624404328208364 -0.9808822712696081 0.575026669682472 
16 BUB 148.09735107421875 41.48645399275252 -1.0498167889482652 1.2241744649423483 
17 BUB 145.82725143432617 44.304807998677525 -1.0467834004833314 0.9224608333102422 
18 BUB 135.25370407104492 51.31437730107748 -0.8681721898487188 -0.024400370857871945 
19 BUB 143.08051681518555 44.855137395963325 -1.00447328729393 0.7421465178782305 
20 BUB 144.82427978515625 44.04273079663753 -1.033149592301213 0.920178142734378 
21 BUB 137.4739112854004 48.80507227357998 -0.9119114218300937 0.20516775476977145 
22 GRA 148.5116310119629 55.580263186758565 -1.130118176895699 0.2636379655074337 
23 GRA 148.79978561401367 55.64910467789326 -1.134456027188853 0.27610363017442374 
24 GRA 146.93463516235352 56.90909379915173 -1.0819459959938533 0.09088609785846957 
25 GRA 158.39329528808594 46.6127290098541 -1.303342665739111 1.331184713721731 
26 GRA 156.77750396728516 48.089542764599614 -1.2957701092450755 1.1958067354787758 
27 GRA 156.24124908447266 48.11663159566672 -1.2871929851663655 1.1666218174276946 
28 GRA 155.1492919921875 49.60168192209252 -1.2775965492847932 1.026476828680063 
29 LEA 154.9393768310547 34.32153282264981 -0.46440304466479476 -0.17315804921707878 
30 LEA 153.19309997558594 36.02708535284431 -0.5474069213463347 0.023835394097238893 
31 LEA 152.04755783081055 37.959499209636135 -0.6674439889421978 0.37917496498507486 
32 LEA 150.87026977539062 38.84727609309682 -0.658235092046757 0.2525636225040544 
33 LEA 150.8564567565918 38.321118236195225 -0.6467222062296933 0.24697242360152272 
34 LEA 152.21491241455078 36.60074684126608 -0.5743035289942977 0.11564778191511804 
35 LEA 153.40925216674805 34.82233117795144 -0.41673743723690077 -0.2925367610978573 
36 PIG 184.08897399902344 16.645558184033636 -0.6336532550562294 0.408980974619527 
37 PIG 183.69194412231445 16.98588070680624 -0.6723979474837862 0.44234732128695864 
38 PIG 185.20556259155273 16.59028098831899 -0.6737015505476893 0.5759580675965448 
39 PIG 185.61017227172852 16.2426062488387 -0.5991411874699434 0.32876222528861243 
40 PIG 185.69500732421875 16.40879217586258 -0.6308127868153466 0.4208502510745191 
41 PIG 185.39240646362305 16.797399777974366 -0.6472985313130456 0.43047616129086475 
42 PIG 185.52944946289062 16.67262784069063 -0.6480562502419498 0.5521888671859392 
43 RAF 197.9138298034668 16.137981415991025 -0.42030725629498245 -0.36381442349526116 
44 RAF 198.17953491210938 16.059342755659472 -0.43907369309942895 -0.24887057068792107 
45 RAF 197.81328201293945 16.49929645558169 -0.46554008031892397 -0.1705969467380517 
46 RAF 197.2757453918457 16.501525929111907 -0.4654448430495796 -0.16014400134300466 
47 RAF 196.64519500732422 16.82758465793774 -0.47597952243214187 -0.15782414959419677 
48 RAF 196.13252639770508 17.24873927050183 -0.5238444876249594 -0.059270352201968635 
49 RAF 195.7300033569336 17.162976194900406 -0.4822234955251315 -0.18915246929045582 
50 SAN 186.7965850830078 20.243215567943707 -1.8115050615037414 6.688950706078865 
51 SAN 186.35740280151367 20.41376223152722 -1.8766265906512232 7.287062797218246 
52 SAN 186.40391540527344 20.40022223765693 -1.8084546554439611 6.617118570214869 
53 SAN 186.05658340454102 20.72176334244239 -1.8976362832543396 7.319019856605934 
54 SAN 186.3194351196289 19.9288656069078 -1.7136159792065224 5.995738542954298 
55 SAN 185.0492286682129 20.476293206054475 -1.718988911724784 5.813387458164016 
56 SAN 185.59292602539062 19.564863371114896 -1.5928402064490705 4.894087530672771 
57 STR 168.3135757446289 39.941174488557216 -1.3623989851890366 1.9174769856592517 
58 STR 167.02164840698242 40.861923591891205 -1.410011312372189 2.0561800125435736 
59 STR 165.5572166442871 41.76601930433365 -1.2959674878529053 1.6382345790959993 
60 STR 169.4876480102539 39.53446726513095 -1.296230080183806 1.7384303863298767 
61 STR 169.45415496826172 38.502821063519356 -1.2609554491428219 1.6764340298402391 
62 STR 167.3433837890625 39.367139812196534 -1.2509737974213704 1.6233738355575467 
63 STR 169.45380020141602 38.66487643066913 -1.4081893409745756 2.2475075752432723 
64 WAT 179.52578735351562 12.417106411687973 -0.768677808576956 0.7499399093692243 
65 WAT 179.481201171875 12.469902556320049 -0.7350031917379668 0.4901799729702989 
66 WAT 180.1642837524414 12.535202215488008 -0.7507310190705415 0.5892734967181252 
67 WAT 180.07719039916992 12.693812739711413 -0.7858730452581172 0.6891179066583706 
68 WAT 180.4530792236328 12.799145797089807 -0.697677541452804 0.3381250187440048 
69 WAT 181.80995559692383 12.27487830364253 -0.6785725631604677 0.2519240822281663 
70 WAT 181.59650421142578 12.430544518353472 -0.6354431781464676 0.1330227956707528 
71 WEA 208.40491104125977 15.642512452371783 -0.7734206204420885 0.4308559736901816 
72 WEA 208.92748641967773 15.353492682297201 -0.7232260994423144 0.2851393921450214 
73 WEA 208.52069473266602 15.50307607293622 -0.7544507429538498 0.39807417822193125 
74 WEA 208.18977737426758 15.72076547587137 -0.7548223936921654 0.42984779261793804 
75 WEA 207.50015258789062 15.809483168266235 -0.7744306767105058 0.49244136531557103 
76 WEA 207.69826889038086 15.740447370105095 -0.7776555477037784 0.48849910871005475 
77 WEA 206.95136260986328 15.845425543228723 -0.766044847826101 0.4223004568599884 
78 WOL 193.36850357055664 16.678918281820156 -0.46638874551048204 0.20048875733966698 
79 WOL 192.89583587646484 16.925616066444253 -0.522556959732481 0.3828757428786793 
80 WOL 192.32742309570312 17.088450014147195 -0.5170632320118362 0.32059770049990766 
81 WOL 191.4994239807129 17.38780939513182 -0.5559717648997509 0.48258785709969576 
82 WOL 188.35573196411133 18.165523915652255 -0.6492380319605843 0.7883731505633058 
83 WOL 189.59909057617188 17.79668559658275 -0.6138509206250107 0.5761565919137936 
84 WOL 189.56541442871094 17.602316915742097 -0.5748343089321439 0.49160915801071603 
85 WOO 214.29854202270508 12.782279973685945 -1.5349064246791175 2.546416719642502 
86 WOO 213.6573600769043 13.189386559998784 -1.5236099773300813 2.490738036664893 
87 WOO 213.47432708740234 13.643497805650211 -1.591324495196467 2.713885395551472 
88 WOO 213.34962463378906 13.646378629477951 -1.5888499420992335 2.6440944525949712 
89 WOO 212.95417022705078 13.745989176842945 -1.6311288375582884 2.8494932590861692 
90 WOO 212.16327667236328 13.757233911063176 -1.6482985983581688 2.9872008182012406 
91 WOO 211.96933364868164 13.793184848389194 -1.6353785014279363 2.862557552365577 
