91 13 6 
1 BAR 114.08687 1961.0873133149216 -38.37435035044668 56.24610245192948 0.007306865634745918 7.298568362191349  
2 BAR 113.73863 1936.0263313337157 -37.06392919971883 55.42818280141394 0.007205338653875515 7.307956872409945  
3 BAR 113.96806 1921.1161599214329 -37.070486916782706 55.32437824319124 0.007233397322124802 7.305764214337958  
4 BAR 115.00029 1912.4265288464705 -37.61490123781526 55.483327462583986 0.0074069505935767666 7.284525862413803  
5 BAR 113.68825 2003.0883406713697 -37.8805966938438 56.32421616698246 0.007199574800324626 7.311972764651222  
6 BAR 113.71448 1939.4536102861496 -36.466641635511614 55.207946129362554 0.007169501986936666 7.314725612063874  
7 BAR 115.31679 1931.064144313866 -36.9096620863787 55.331898700227676 0.0072483480762457475 7.30879207597362  
8 BRI 134.84047 966.4100765597415 -28.168277547453243 43.963499599229586 0.010859893809538335 6.864814142674694  
9 BRI 133.04594 982.9031056966581 -28.211363033043014 44.11329144339472 0.010638204970746301 6.888629867530279  
10 BRI 133.28819 970.9776961922364 -27.337465316175496 43.64936606726191 0.010622164088999853 6.887471815735337  
11 BRI 131.68639 939.0031463699228 -25.355430404553704 42.76853700702037 0.01066700964292977 6.876920677055052  
12 BRI 132.76194 938.790848356874 -26.278855701722232 43.04426674240858 0.010954141733236611 6.865805065672183  
13 BRI 132.39521 899.7850091021409 -26.01314016461698 42.293920459529325 0.011281307553872466 6.82961808384127  
14 BRI 129.83773 894.7271399537274 -26.061916636532803 42.68548559354541 0.01161800384579692 6.807390577801269  
15 BUB 78.93676 1830.68072692894 15.790087161385962 53.194231069541274 0.009259851693059318 7.203571305996104  
16 BUB 83.58974 1649.853068728578 12.558122920366854 51.02621425561037 0.007691629696637392 7.241525945809619  
17 BUB 82.10569 1761.6888418304854 5.457304580648228 52.32268466046815 0.008268173798569478 7.232215296016521  
18 BUB 73.74634 1957.8831805581922 19.689926400702948 54.3400640260706 0.0140156466368353 7.072192095200003  
19 BUB 79.29118 1732.4487586338587 13.56037871252785 51.87647301451518 0.008587786869611591 7.207376672724445  
20 BUB 80.88615 1722.7672421642264 13.578073553791551 52.006780356699466 0.008345640104380436 7.220196531470374  
21 BUB 74.94347 1847.9690948296707 17.421365616706705 53.03820342313902 0.01103300777322147 7.135920769586278  
22 GRA 90.10375 2497.296059225712 -34.42180337517411 59.834856056706464 0.015054981704452075 7.086788369964305  
23 GRA 90.46951 2511.5207225294116 -34.602152616571786 60.016418928601276 0.015127235543332063 7.086428363870418  
24 GRA 88.9726 2568.1585394999943 -33.89147621401945 60.34064648033143 0.016960180990281515 7.051407668397085  
25 GRA 97.82949 2158.2243597921465 -33.49009966683239 57.04059066586277 0.007867251988500357 7.29619635775767  
26 GRA 96.46014 2202.4363305109505 -33.816885892571435 57.47707818529948 0.008491341257467866 7.268302006315119  
27 GRA 95.81544 2189.9333924349744 -33.48267068900257 57.267675809966086 0.008556778615457006 7.263020069516007  
28 GRA 95.13474 2252.1086088408642 -34.17085798870274 57.9449383624089 0.009303393293521367 7.238148293669171  
29 LEA 89.21122 1529.9343573867477 19.903301088853024 47.04580994392524 0.007171910721808672 7.230490120929697  
30 LEA 87.68353 1600.3399833992103 19.56939617889634 48.057557025846165 0.007010205168626271 7.256735505322811  
31 LEA 86.97868 1686.1382556275894 19.748192622253637 49.461723299796525 0.006919620776898228 7.278215218372859  
32 LEA 85.92353 1726.5499417918809 19.98129474883087 50.00907268662408 0.006792772968765348 7.297743375919883  
33 LEA 85.72373 1688.0840780868682 19.882590764900264 49.46774753059191 0.00675762897299137 7.295176500980628  
34 LEA 86.71935 1613.3025788058328 20.162606949411636 48.36685238483094 0.00700245909683872 7.2613780141888205  
35 LEA 87.55885 1552.4634857696522 21.660709958352513 47.28862921263773 0.0071562437660759315 7.231249217327871  
36 PIG 123.79306 570.540280720554 -15.88637554338132 30.852987359855295 0.012445310756447725 6.560996607260873  
37 PIG 123.26322 587.1875408169342 -16.717011420849154 31.287354894804068 0.012306500706472434 6.577307144032436  
38 PIG 125.45498 573.2008688790552 -16.407241972316147 31.0870307211729 0.012360606939182617 6.571501646116634  
39 PIG 126.00338 557.6981849879826 -15.357925077709215 30.48459146489631 0.012480652905651368 6.554053055787022  
40 PIG 126.15853 567.6275904766983 -15.895333381177366 30.815188138458215 0.012414102850016207 6.56429602099801  
41 PIG 125.771 590.3050075359333 -16.366696572415663 31.446678586122033 0.012184181701741181 6.592842879214599  
42 PIG 125.95355 583.185724075915 -16.100464399238103 31.303519201395627 0.012238510200404562 6.585176476765919  
43 RAF 145.25142 665.3368662722642 -14.850091604026762 31.917634468194944 0.011271133393165655 6.638434414411636  
44 RAF 145.67259 660.2963393604542 -14.948906601641207 32.01374761046762 0.011346619270625524 6.6369446796300915  
45 RAF 145.15088 691.0217759607262 -15.597657339621604 32.85392044674123 0.011126668818178587 6.66996717588156  
46 RAF 144.27659 686.1874987739438 -15.47858664336821 32.771337361284594 0.011143499563331716 6.66737802288924  
47 RAF 143.31142 706.2284620157989 -15.869990596441529 33.19045116714039 0.010969786118948832 6.686144491869051  
48 RAF 142.55948 732.3783516203839 -16.959305397497424 33.92863879181072 0.010795558991958387 6.7126412755041285  
49 RAF 141.89412 724.4163786859236 -16.21730709489329 33.52480281189639 0.01082457542361226 6.702665196092231  
50 SAN 128.50354 748.1606319724833 -26.420755509502925 38.88178096777272 0.012261963391210884 6.6668848268903  
51 SAN 127.87147 749.3846253547096 -26.49324092093734 39.02811921809988 0.012234699228429236 6.6685008970272035  
52 SAN 127.94312 754.3037862181877 -26.526886920263333 38.95985096765962 0.012245100035215728 6.6704717669235345  
53 SAN 127.48064 763.7164985232216 -26.857665168986887 39.39854938865993 0.012185890795080923 6.677177489107976  
54 SAN 127.72122 730.5686527183524 -25.799695438703143 38.15627599086063 0.012356510473182425 6.654731035310676  
55 SAN 125.92483 751.5149147131712 -26.211617635431143 38.5831497434347 0.012193719565402716 6.672382318982057  
56 SAN 126.55842 707.6476722050303 -25.173878987426257 37.34454609769578 0.012458017314202152 6.637374707136282  
57 STR 107.96923 1958.5551369265188 -34.97641282563919 55.13822937391953 0.007023320533335209 7.3152559915580895  
58 STR 106.58142 1963.3425979211831 -35.08220021345865 55.36232301043216 0.007102038376615383 7.30696523905175  
59 STR 105.03364 2058.764664889788 -33.70270286489233 55.96089538865171 0.006776983238523826 7.3530016477284885  
60 STR 109.41162 2003.7086801934292 -34.447957403442345 55.43472672791014 0.00682880989916157 7.343339579838306  
61 STR 108.9932 1934.1108546688463 -33.364966551184466 54.499328594438644 0.006876908737467602 7.336314421043883  
62 STR 106.49158 1947.2272316066021 -32.64231120630392 54.51623149066838 0.006807690937421285 7.3426726579128  
63 STR 109.01545 1872.9613815252708 -34.32440010814859 54.371238069943466 0.007131642239983194 7.30091018657211  
64 WAT 116.49521 297.9155730520777 -13.611240204839131 22.722245317764987 0.01711564628931228 6.078116938948539  
65 WAT 116.43727 300.88527149860363 -13.563889798540844 22.648742174283 0.017013078526360914 6.084655549692393  
66 WAT 117.4305 306.7481686366156 -13.766671474248003 22.905424518549506 0.016850985382916406 6.093932796454678  
67 WAT 117.32701 312.92782325651535 -14.14225825376725 23.265577565465467 0.01677387252857443 6.107195088132085  
68 WAT 117.88505 322.3049012519916 -13.74527409487107 23.198414699760356 0.016406922586611472 6.128234511814492  
69 WAT 119.78968 303.47664956284336 -13.323555500217724 22.492195407626912 0.01698350184597075 6.084089682072274  
70 WAT 119.49646 311.2098568528475 -13.085806088065095 22.66860119654763 0.016653448197757825 6.109502654908949  
71 WEA 162.84798 691.1902678179069 -21.138579702030338 33.8659662505852 0.011682676689815708 6.607665053763926  
72 WEA 163.71274 674.0750640855209 -20.3960616582528 33.22606215968652 0.011696018642396666 6.597735793222976  
73 WEA 163.02949 681.6878700328643 -20.778117145509775 33.58123981611737 0.01168237641104497 6.606581838456502  
74 WEA 162.48743 697.3916723578535 -20.910982765319293 33.98976174096491 0.01152921091124881 6.628084336099984  
75 WEA 161.30929 697.9468762470868 -21.09377960597786 34.056481433028544 0.011572988383704796 6.622605966048384  
76 WEA 161.64025 693.4859230284904 -21.11134566565784 33.93815295543663 0.011601682883338071 6.616652618968234  
77 WEA 160.36798 696.777568133904 -21.03551630313635 33.92911306379058 0.011599795936490409 6.618883414110392  
78 WOL 138.03288 665.004389004646 -13.452126994397517 33.28174045493721 0.0115735483559547 6.678671741079392  
79 WOL 137.3303 676.1321374416053 -14.59170551548279 33.670046341870815 0.011495455823023804 6.689191039839008  
80 WOL 136.46417 683.9142587096036 -14.59645694650923 33.81575558359181 0.011416069348342717 6.698513951834914  
81 WOL 135.21941 696.674160760486 -15.122759199684097 34.28764746541166 0.011323488797643222 6.713352034656495  
82 WOL 130.50106 718.6836689194889 -16.506962318726547 34.944290763764315 0.011119868329842575 6.73515259329368  
83 WOL 132.34294 705.2316713882932 -16.274851304032993 34.517528354882785 0.011249142582528293 6.7199276766887275  
84 WOL 132.2565 693.1152016089552 -15.436035129124335 34.13862642310933 0.011310775895253755 6.709390604457866  
85 WOO 172.89844 474.2675445674688 -23.68673096242532 31.81063652206218 0.017610174283618107 6.1891918981408285  
86 WOO 171.79766 499.56427583959976 -24.186293420940405 32.55661053939353 0.016895388354896568 6.235468435741879  
87 WOO 171.53622 528.1989218076013 -25.231959573742206 33.72343608747478 0.01695992681197822 6.249090251327159  
88 WOO 171.31553 527.722127323508 -25.243941576812194 33.66347479180026 0.017165680110338144 6.2435913060942685  
89 WOO 170.62119 530.5712287341794 -25.502314041429813 33.987687676111435 0.017180082024424337 6.240794905481482  
90 WOO 169.21676 525.8527446824022 -25.41435250789514 33.91469316720492 0.017351915172184817 6.233381473720522  
91 WOO 168.87672 527.6405018903637 -25.428422184870247 33.85233223184258 0.0173519598756684 6.230014847541668  
