167 19 14 
1 BAR 0.004078411730006337 20.9730224609375 850684.7898824074 3.8309445355014114E10 0.31411715456493405 23.776702880859375 227.89484046091985 3.9475504579209 5.934069361048135 10.323959239090982 2.2814558445743343 -0.19336494982494543 0.8201448880967895 0.9812619113261838 
2 BAR 0.006378223653882742 9.002471923828125 208707.3382610339 4.8153792513928604E10 0.3614592351302325 26.668701171875 72.65000319278806 3.519288995387674 5.293996592360721 3.9581700630015177 1.915484343492847 -0.1702307794564454 0.7566300079845862 0.9090844168296377 
3 BAR 0.005567649146541953 11.224685668945312 267792.70839056856 5.833200358196064E10 0.33612780020183264 29.333267211914062 72.02634640175188 3.518357892622188 5.38513852071844 4.93824427105546 2.0127082890019126 -0.14350789623814825 0.7084411369060724 0.9099336763379067 
4 BAR 0.009217591490596533 48.10441589355469 148598.05170954517 1.985354629692234E10 0.3210560642516577 17.091171264648438 240.8688571187196 3.7828757661868786 5.788308810257354 27.54110490913525 2.57424903439436 -0.12475142938673651 0.6820414086950173 0.8922778933348382 
5 BAR 0.0056625999277457595 12.498245239257812 89074.8578169113 1.6934278914269264E10 0.33226641147046027 15.787979125976562 73.18740221764563 3.4974032245173468 5.37315017750692 5.69935847960523 2.055519294661442 -0.13284288339215972 0.6836830180658362 0.8665022686116483 
6 BAR 0.020068141049705446 4.1738739013671875 25395.466672706603 7.160189301740669E9 0.554284145545418 10.285903930664062 55.23442621129266 3.252393887266812 4.452390375280537 2.474772443778484 1.5421383966543403 -0.29702668565422263 0.8723003276340993 0.9767894166345102 
7 BAR 0.016348450211808085 4.3023834228515625 19008.069833167952 8.587903066853416E9 0.4748056118032193 11.239669799804688 34.11672349109877 3.10642805158457 4.451321741177267 2.0622942052825763 1.5906590675779457 -0.20014656659644037 0.763460159557593 0.9306146039738196 
8 BAR 0.009601066587492824 25.688095092773438 128579.2039661021 1.9504918025377647E10 0.3217839624771066 16.953262329101562 142.6445221734154 3.688336597864788 5.67172820566401 13.04349305879618 2.3734656877278466 -0.13718560836272245 0.707065879647892 1.029205369280237 
9 BAR 0.008194003603421152 11.392547607421875 154043.7044793566 5.052513071093109E10 0.354033979900575 27.245819091796875 55.476097204837544 3.3647057543684573 5.222652838474411 5.486891982836937 1.9973698997098772 -0.12160284135409458 0.6487380127162224 0.953870528773782 
10 BAR 0.003899678005836904 24.141998291015625 345289.5626677898 4.873535400716293E10 0.27678212203973623 26.831634521484375 108.05335710467014 3.66330376460332 5.837482223531265 11.482656637529118 2.3425556731374915 -0.09646015801532482 0.601041532200977 0.857466504113049 
11 BAR 0.003806328633800149 27.023605346679688 500581.8650839432 5.350202887777987E10 0.2806926032368403 28.076126098632812 141.2901193642711 3.7550379597327415 5.912693226374536 13.353746100380882 2.383384982653664 -0.11461802518484031 0.6601231588004979 0.9337936468946777 
12 BAR 0.002894013305194676 26.349853515625 569231.9546418559 6.948217524784125E10 0.23548662013718377 31.956298828125 103.64342930897146 3.696766582956466 5.979197366722538 11.022990552805936 2.404406174235866 -0.07858628523910996 0.5392550047031084 0.7714184670235498 
13 BAR 0.003361219773069024 23.667465209960938 423379.2964171302 6.0945434357705666E10 0.2536484939039427 30.030166625976562 94.24304512590277 3.6502603711438044 5.880736974262351 10.310613066924141 2.3502193224979218 -0.08395559645039338 0.5572693239941731 0.7991466754955615 
14 BRI 0.04272355791181326 2.4620819091796875 32410.257340683514 3.5528895931251945E10 0.6077008892263194 22.892288208007812 9.700334292008684 2.494203464626245 3.5491778089090604 1.427199153430088 1.3510210675670482 -0.17680006782315477 0.6706132032994443 0.9243409463507373 
15 BRI 0.03489875770173967 2.9813232421875 44159.08431838505 4.173277280532022E10 0.5848031624048395 24.812164306640625 11.984936881541017 2.595079509613935 3.7308403064330187 1.7173851266799147 1.419726837928944 -0.17737468250957542 0.6838502294683898 0.9222111387663297 
16 BRI 0.00677468569483608 27.201034545898438 596244.1926174184 9.75353439657146E10 0.4140424383409845 37.94548034667969 113.47961182500688 3.7025712674607227 5.544367818222185 18.0868538238633 2.1472192111514117 -0.20139780352815012 0.8162768390629123 1.0671206224410186 
17 BRI 0.0064634718000888824 11.076522827148438 914516.8078247745 8.16108533953802E10 0.4474092907234217 34.71434020996094 188.25277304461048 3.886249589168426 5.485724563236845 6.85849523913965 1.8638866680695434 -0.3044940678393933 0.9153282160899882 1.0183375437094215 
18 BRI 0.024788539158180356 5.270782470703125 69165.81797477178 5.836946768508351E10 0.466480299603559 29.325897216796875 21.634142602614276 2.8384917504366594 4.234417512011265 2.7267740429825835 1.6400693385908367 -0.11735187815767847 0.5871525375225441 0.9007177190997218 
19 BRI 0.010956966783851385 8.804595947265625 100955.36685398185 4.240192455721083E10 0.4008079203148259 25.036834716796875 38.53593859915648 3.2195444121499204 4.935328184127729 4.474949139247201 1.8715089935666658 -0.1260259257546984 0.6462561627965389 0.984845836591895 
20 BRI 0.017959456308744848 5.9312744140625 297169.5018985317 9.888362887755016E10 0.5632865034873161 38.208648681640625 111.52915800513054 3.466684509778229 4.712524380630296 3.9851240980806324 1.570919127996513 -0.32899881264118885 0.9064306967919982 1.0281091220158474 
21 BRI 0.007964361109770834 16.321609497070312 127433.77686220719 1.6678853924336998E10 0.4034786296272251 15.681594848632812 126.16815076121479 3.6679019661106307 5.45708986235637 9.704614931176316 2.0866106812741103 -0.19840192975661636 0.8084880374484231 0.9252681211202127 
22 BRI 0.00964565109461546 19.760177612304688 204416.36052708898 2.4090872812895058E10 0.4216358255132593 18.864608764648438 231.06910095618886 3.793819197246683 5.513521705531891 12.788283961953887 2.089070898135164 -0.23738627038357424 0.8589854561016925 0.9538082763760259 
23 BUI 0.04569162707775831 10.8961181640625 186186.89168805187 5.6139844088171585E10 0.6103141403935131 28.788665771484375 331.80099436688147 3.292559020372703 4.5133432025757365 7.9911618474335455 1.7112358321354162 -0.37300861211569236 0.9253462615112269 1.2567350106915254 
24 BUI 0.011254342505708337 21.2825927734375 434415.7492352347 6.2705314988505066E10 0.46756668608202134 30.2918701171875 194.267234858366 3.6958266943794413 5.392619570937098 13.549633916041898 2.1279983202339334 -0.24494775537258737 0.862410867307353 1.151270590678018 
25 BUI 0.017023894586600363 19.555450439453125 450460.81645336957 6.6714934831002914E10 0.49527696537075505 31.237060546875 234.7377243104729 3.6618536243637974 5.2654621363085 12.7520007895628 2.0678012246148145 -0.2814996261445766 0.8912853244320367 1.115770107548568 
26 BUI 0.008458766504190862 27.8138427734375 386600.2927036113 5.160834579805963E10 0.4241124632037269 27.49224853515625 198.2784284278024 3.773546264183959 5.62235116436478 17.3282227823818 2.2631555508170225 -0.1938493937289014 0.8087050209519103 1.0088395104023282 
27 BUI 0.012457942357286811 20.202972412109375 193428.98221555792 4.135429529763777E10 0.49658498726650874 24.66619873046875 114.03083804035225 3.590883974557924 5.241239443967575 13.833369811097583 2.0167814401600164 -0.24191858038444888 0.8534034263999551 1.0027235570145028 
28 BUI 0.008376938989385962 15.959579467773438 448313.2612865178 5.09923201247548E10 0.4363286762444726 27.352767944335938 188.7605001770769 3.7336897002492626 5.44731353636272 9.676523937994155 2.0776131965452893 -0.2451350367612366 0.8646373130500183 1.0521115878608236 
29 BUI 0.018909631646238267 10.117050170898438 208884.0202598638 8.683661604628738E10 0.5023135733327883 35.72822570800781 96.10264199993419 3.291377133533818 4.725179966085292 6.618159694139145 1.8327052263569439 -0.2567561030928 0.847237979185778 1.204689618915615 
30 BUI 0.014703631866723299 8.0576171875 333716.0780401736 9.100049287625938E10 0.5332756374241693 36.688446044921875 99.83188573121336 3.4910385738439706 4.856718173670106 5.386830292341557 1.7125318102447078 -0.3190464117797085 0.90491402158035 1.1238744972414612 
31 BUI 0.044301271555013955 8.348129272460938 90382.98156609511 6.616861331676348E10 0.6256806867516619 31.209823608398438 37.45872572137034 2.8922254933275857 4.0160645630944645 6.088979861750268 1.6002649902846344 -0.28033809495556294 0.835983198248302 1.1000522518306293 
32 BUI 0.029839741648174822 10.085128784179688 111873.84434839697 6.144415342680712E10 0.5906978170479539 30.100723266601562 72.53553944670114 3.1920936986844914 4.343719816267339 6.970657549579705 1.7015194267915181 -0.27552196263421785 0.8480774804936909 0.9891088008324376 
33 BUI 0.03334971307776868 10.552261352539062 110436.52313474836 6.511369306278373E10 0.5850233071108375 31.002059936523438 38.20847912830811 2.978763340434424 4.24234112249316 7.335446732816372 1.740659830273128 -0.25644203919908914 0.823595949465485 1.1066894144928767 
34 CLO 0.09158879576716572 0.4078826904296875 71656.76934115618 7.284715174084369E10 0.8346023678998284 32.77690124511719 16.35372814326508 2.523178780957418 2.835717960126398 0.3019062995478592 0.7130262910259867 -0.5792081248387415 0.9440623082604014 1.0392724392248867 
35 CLO 0.15545884042512625 0.278350830078125 42892.691669757274 6.387869551559819E10 0.8813121260561013 30.6746826171875 9.309282527021878 2.1662121637109903 2.375693107165509 0.2273672568994698 0.5824768433666104 -0.6324082120191162 0.9378061133519746 1.051275463603468 
36 FAB 0.02802123688161373 5.2593231201171875 61708.51638880689 4.544276200337774E10 0.5583394878111695 25.860946655273438 17.245418830090678 2.785770680059707 4.089234593337775 3.233277978765166 1.6142524164981498 -0.1661892335864987 0.6863532217123417 1.0664442150741957 
37 FAB 0.028142019640654325 5.51226806640625 60432.395508686175 4.5125030903037155E10 0.5533499434305419 25.763824462890625 16.747392157064297 2.7822564719713614 4.112766588007841 3.3841727317692687 1.6332558269405906 -0.16019315624757172 0.6764364422837778 1.0742709328403632 
38 FAB 0.00904609845019877 15.842727661132812 115794.80982263088 3.5700742436731575E10 0.37062281714303363 22.927413940429688 65.20528129055535 3.362147120922953 5.182667463020893 8.853154088421043 2.086000033005451 -0.12151774889658391 0.6466425837393551 0.8850188035916622 
39 FAB 0.008357479935511947 17.587615966796875 158334.26061933683 4.2145224907453094E10 0.38070031073754446 24.907318115234375 70.72564981888925 3.4240495391209818 5.266054413671884 10.174113352852174 2.121305314768129 -0.12957435111114973 0.6708813236427813 0.9203201026326578 
40 FAB 0.004490116727538407 17.852569580078125 214377.86913112554 4.092362172565326E10 0.27471599556179355 24.5438232421875 82.55496684251602 3.5545609469138193 5.62313567839348 7.572478087459899 2.223086511347182 -0.09709767636197568 0.5942947842458431 0.8464662836712457 
41 FAB 0.007817630539648235 9.167999267578125 117364.730964144 3.2358035930751785E10 0.35938140895760573 21.8199462890625 64.62941075547542 3.407195497512284 5.140820528719604 4.080448394338532 1.9175232015140835 -0.15631235207257696 0.7235502090598225 0.986994655506048 
42 FAB 0.02194828016217798 3.4281463623046875 48968.17345541036 3.835460019553173E10 0.4775747177576304 23.782485961914062 16.17907184256206 2.786558097137229 4.108898637098589 1.4804970062080614 1.4989485866055334 -0.13218210776269698 0.6167801342725686 0.973805209740912 
43 FAB 0.009493407211266458 14.786453247070312 122259.59254809537 6.6057678611668816E10 0.2758833915657987 31.196823120117188 20.40022248257589 2.8946926394662507 4.907183798192208 5.822328770014231 2.1380243020801926 -0.01121651323683566 NaN 0.47397844536659467 
44 FAB 0.0037383390590548515 44.00701904296875 759091.627749568 5.138546151333075E10 0.22186046677593016 27.459014892578125 186.8569004801394 3.8678600783101644 6.188814830285689 19.350787968207015 2.6505435341326615 -0.08621676847717794 0.5779053336660042 0.9033732670302125 
45 FAB 0.002191582811065018 56.0087890625 1054546.7587833307 6.019974620903984E10 0.17981242584004187 29.747833251953125 165.25039013063497 3.8657032500694255 6.352967560765619 22.7010091836911 2.766147635320624 -0.051067858822428855 0.4064163158410274 0.786201303965417 
46 FAB 0.0041816141456365585 40.288848876953125 682157.2318144458 4.908404063974922E10 0.2317865797424785 26.87384033203125 183.834094063027 3.8595072456116215 6.147419616568969 17.98492117633944 2.6080556885891015 -0.09453424405201155 0.6067722171330052 0.9511186856219925 
47 FAB 0.004087123088538647 21.309005737304688 286820.1454891568 6.314616294476052E10 0.23750881359076986 30.508621215820312 64.59470729292931 3.4503501263104015 5.645965557447129 8.219590825902579 2.308386224385867 -0.06249251376420196 0.4515005413362895 0.7707894249100593 
48 FAB 0.004015697631984949 19.600067138671875 317173.40197448694 6.3129678260495255E10 0.24939500706850365 30.50030517578125 73.83398794832749 3.522666580455221 5.674375895281142 7.702577918630851 2.2702404381712533 -0.0833047946341865 0.5465448668914147 0.8335055119772763 
49 FAB 0.003168515395373106 31.566131591796875 444434.32011286466 5.318703859720389E10 0.2660136083179633 27.924896240234375 108.78994246663049 3.709130598113411 5.99436503251908 14.921961529458827 2.477768084753783 -0.0799558371750767 0.545545684084315 0.7532035555713918 
50 FAB 0.0027887700125575066 41.615203857421875 481232.01872795145 5.767792798730582E10 0.2277565961432161 29.14312744140625 107.39243937327603 3.6911608219189302 6.076517327605174 17.701367103990407 2.625531446896052 -0.050127317388272814 0.3918834653086933 0.7427657844291308 
51 FAB 0.008601291687227786 9.292007446289062 105887.270695953 4.112819056204121E10 0.3410765661377521 24.613052368164062 41.21181941674398 3.240951168535539 5.036962993008272 3.8764904651333794 1.9274197624245386 -0.10212101468269837 0.5844840366843816 0.8758904725254489 
52 FAB 0.007648889091797173 11.331710815429688 119414.88698889509 4.4814723658593864E10 0.31208163340539735 25.686538696289062 42.26382582806037 3.2502754724511718 5.148452628245018 4.588894144979243 2.01815064389151 -0.07999104327686403 0.5117219918989695 0.8365765954891539 
53 FAB 0.006448680069297552 26.184402465820312 166666.27948864773 6.867273961233524E10 0.20414873387249105 31.868911743164062 23.310487799747314 2.9533581319229905 5.2565233102228035 9.405339150737525 2.3988508495695164 -0.009647038170782968 NaN 0.5453207035906545 
54 FAB 0.012688741204328835 9.879135131835938 99622.52746546961 6.637231251423867E10 0.3132251455120105 31.265243530273438 14.781821208338336 2.7445554831139196 4.592969400655143 3.725285151364467 1.9547240288086538 -0.01393693713333021 NaN 0.48394006475393386 
55 FAB 0.012397761805914342 9.856475830078125 117400.35013268763 7.649668364586047E10 0.31401385824556904 33.573089599609375 15.314868230378835 2.7611011405667414 4.609836572051201 3.735704769897467 1.9527719658280829 -0.016744716175696738 NaN 0.5360408922970993 
56 FLO 0.01970458624418825 10.5216064453125 20685.941843963086 7.292862056664902E9 0.43126382736197766 10.3756103515625 73.93187798031113 3.227863026650443 4.699284404754689 5.777686847464139 1.9430452497063424 -0.16388565465579036 0.7161507823525596 1.0152983377943112 
57 FLO 0.024160341825336218 6.5262603759765625 19323.468715253053 7.427096840553963E9 0.4884680786466085 10.448745727539062 65.05936890935165 3.1508611189742908 4.440384044546465 3.638908152565996 1.7415752971677037 -0.2131155782307621 0.781371646478222 1.0421216916467704 
58 FLO 0.0038615029770880938 19.840774536132812 502766.1456490767 5.390424656761573E10 0.2984171302429503 28.191818237304688 125.64357350840031 3.709693841648273 5.735599117782522 9.188605879102631 2.2711073564004867 -0.1390703453269748 0.7140789514000777 1.0222958771562685 
59 FLO 0.008454793132841587 10.091629028320312 397533.3293728305 6.194390550097033E10 0.4717823390355622 30.209304809570312 123.42713561349088 3.6489050964658007 5.219440147919994 5.9822075525792755 1.8956234570518073 -0.25231966945904405 0.86327911779425 0.9772797939594133 
60 FLO 0.004191586514934897 21.6414794921875 471757.16701849614 9.660312532861768E10 0.2611530891905487 37.704010009765625 74.24131210516342 3.5368941844286135 5.728486262106339 9.22235068649934 2.3164199929631524 -0.0701498385857144 0.4924032770575845 0.7358776042138723 
61 FLO 0.004584704525768757 19.78997802734375 581507.9724212467 1.2076857107887482E11 0.28331987757888116 42.21990966796875 89.30413437238633 3.5555690795300707 5.641540548592266 9.046749947707468 2.2608280011863164 -0.09435996147143487 0.5857820647851187 0.7978478658161979 
62 FLO 0.011746849166229367 7.1077728271484375 503783.2813355336 1.462069104066462E11 0.4943022511096471 46.41215515136719 76.57212459606586 3.449922379255775 4.907177997087677 4.175285137150134 1.7504955176681172 -0.24672719758754819 0.8447302253100718 1.0121822503027482 
63 FLO 0.007931907312013209 10.948074340820312 423014.7119094108 1.161966677610335E11 0.40414263680418494 41.35252380371094 72.44980963533818 3.459607570479486 5.192094725258862 5.840078544894091 1.9669954875814202 -0.1652747505946406 0.7430136787438569 0.9264405184475767 
64 FOO 0.004356239107437432 26.676544189453125 233234.29377569913 5.142872346590584E10 0.24807004789133796 27.525970458984375 69.64644845888986 3.493166156016001 5.7394078631797365 11.708787109092128 2.403963871831231 -0.049884933548009554 0.3800928680021582 0.6882523440227977 
65 FOO 0.0046731901820749044 74.40345764160156 463082.3383661095 4.556829717270771E10 0.2528514221116999 25.908889770507812 327.99474677823207 3.960008942061893 6.113641302429626 39.16716952797492 2.8094142101080566 -0.0920257009702386 0.5965942777330316 1.08033563228441 
66 FOO 0.003455465892329812 31.076644897460938 291587.4348748983 5.4446601459005165E10 0.22008509390960573 28.302871704101562 70.83570936239599 3.5178674794260467 5.887132833490098 13.01197686610437 2.4796854871492564 -0.036876331791525836 0.27888561165550224 0.6718696670951542 
67 FOO 0.0077274421928450465 60.901947021484375 199558.4614914696 3.810620620293326E10 0.2529355397765373 23.6646728515625 196.22418253858314 3.7861209716221413 5.978527661229387 30.13003670060155 2.7623333398707564 -0.0666385086053662 0.48451437572563144 0.7913708862167831 
68 FOO 0.006016163737513125 36.78080749511719 97246.88506995645 1.857850957564463E10 0.254975740305588 16.547225952148438 120.75901565028573 3.6124219966303643 5.776768261417685 17.831728566867078 2.5418289744270752 -0.06511282910993572 0.4696674339236914 0.7980589272204649 
69 FOO 0.007985762553289533 14.600799560546875 94890.98631163954 4.4499195982291824E10 0.26774569199199105 25.606689453125 22.656858491000094 2.9552433515511005 4.959375443564831 5.39082721063869 2.1316398706916173 -0.015236535658276987 NaN 0.44634686132435464 
70 FOO 0.0038661275757476687 23.380508422851562 313753.76153155224 4.069108003844073E10 0.30074580623001806 24.481979370117188 109.04018181159844 3.684888121075789 5.80979780352318 11.585814388725233 2.3247449088173453 -0.11140369653716664 0.6466655529209732 0.8389297172756097 
71 FOO 0.0038433511508628726 23.34979248046875 312711.3859463318 4.069829672433118E10 0.3006188213276927 24.49676513671875 107.37233312304227 3.682459195311397 5.810572800239568 11.581122440348764 2.3230887766931474 -0.11082381655746677 0.6450134201424669 0.8313727536164803 
72 FOO 0.00267696485389024 36.13502502441406 732563.6163811734 4.443505650735406E10 0.24365971570735065 25.563369750976562 177.77564463328457 3.895671987901567 6.1959304577085526 16.98767436477005 2.536927848785788 -0.1027302617215921 0.6359745356191285 0.8286942081776318 
73 FOO 0.00267696485389024 36.13502502441406 732563.6163811734 4.443505650735406E10 0.24365971570735065 25.563369750976562 177.77564463328457 3.895671987901567 6.1959304577085526 16.98767436477005 2.536927848785788 -0.1027302617215921 0.6359745356191285 0.8286942081776318 
74 FOO 0.018601783202029765 3.5850830078125 54505.55264462579 1.1191057368997375E10 0.5945893817597393 12.84210205078125 77.26619979626696 3.4176138482052427 4.540683204142095 2.227754970517964 1.475863418857245 -0.36729439657433866 0.9232292461948529 0.9860145889624453 
75 FOO 0.027036809595301747 1.3892059326171875 38351.09168977116 9.756018933305534E9 0.707347055279177 12.037918090820312 62.2093290103448 3.3005950991437394 4.022457718985461 0.9151130227546744 1.1073826085090757 -0.48939436778674694 0.9572932364971979 1.0077468489558266 
76 GRA 0.03317484701983631 11.404296875 27451.176429285155 1.6531029686150803E10 0.4791949771283929 15.61651611328125 81.34261462575444 3.165400275851637 4.608480801350918 7.1358754034606875 1.8928994306295173 -0.17886417132328888 0.7380814389342072 0.9782515984875666 
77 GRA 0.002418232150375843 41.95176696777344 561299.3355037125 7.176671122887637E10 0.17996435454562518 32.50688171386719 87.66312743434723 3.6233488110118395 6.14928463910096 16.10904236671167 2.6256031655446996 -0.02729903479674232 0.15542908175214462 0.5701612253274316 
78 GRA 0.002816631691530347 38.810791015625 385154.09661521827 6.2173221858762955E10 0.18688267749092338 30.259033203125 73.66336195536314 3.532346796714166 6.015487550973035 14.94106506523542 2.588375145987985 -0.022470820473664787 NaN 0.5595590276351377 
79 LEA 0.009770319680683315 11.260604858398438 72158.77408766873 1.2397860114163155E10 0.4135347087787619 13.528274536132812 97.94199708480852 3.5358030609322633 5.208091311936931 6.104768039702726 1.9871103164347534 -0.20199808650437906 0.802931639418545 0.9341163486296947 
80 LEA 0.04849492444191128 1.790252685546875 7416.746760060608 7.367247421651978E9 0.66271826508155 10.421417236328125 16.20891038301764 2.6229934383415334 3.4326406063523116 1.1563051952646504 1.1482882421881702 -0.2839977478546908 0.8046680849678869 1.0622093308795064 
81 LEA 0.011782858520746231 8.964218139648438 25383.197933294075 9.74640430949784E9 0.4275697251495784 11.977676391601562 39.84552545237115 3.150646326097497 4.7912151665179685 4.7345828984805465 1.8899739859518763 -0.12501852979487232 0.6365205150244281 0.9017027650926489 
82 LEA 0.002049257280305028 64.72474670410156 458099.19946650777 3.02716529436596E10 0.1677617885877103 21.125625610351562 143.61128247618953 3.8146095363936356 6.367977682953832 25.921580818544278 2.831864888909719 -0.03609836889360949 0.2814077205734719 0.6736492214687593 
83 LEA 0.010924030211754143 53.415802001953125 214442.38165360718 2.610309784101985E10 0.2979988107478672 19.5850830078125 266.35029239209734 3.8523736916536833 5.960317178516276 28.236161768282983 2.6729941417954817 -0.11584364759600475 0.6655109205221367 0.919494635166286 
84 LEA 0.011619936092756689 35.488555908203125 140786.63731784574 1.863437862788237E10 0.36610938842516894 16.5516357421875 245.52027090469392 3.7636049186463287 5.656272394361655 21.45645312969691 2.410232685189096 -0.16740248828578702 0.7674377323011458 0.9153803142111224 
85 LEA 0.017785376985557377 25.461929321289062 49242.17612547504 1.1290761600336952E10 0.3864091845099793 12.894393920898438 150.94538586536657 3.5201734993597222 5.244265934179483 15.062902829711682 2.283283872178745 -0.1637030394091807 0.7425303364300683 0.9279311078825256 
86 LEA 0.02573569572996348 20.226699829101562 48809.7416654607 1.109326466674955E10 0.4308334072276455 12.757278442382812 170.6582175108111 3.4900328585756424 5.087312247442248 12.475719862369381 2.1611906987186096 -0.20794829602110823 0.8058151011602098 0.9566769923913779 
87 LEA 0.004454990732483566 43.59626770019531 213454.39001157423 2.1743145296096E10 0.2433948898381714 17.895401000976562 147.53302024979558 3.754970843416809 6.016422113120865 20.468571417525716 2.6307171287806352 -0.08140319164697374 0.552319770389935 0.862689173088921 
88 LEA 0.014326200936920941 38.68367004394531 94702.02916957754 1.5340837998883202E10 0.33357077206846075 15.051010131835938 157.59692790438822 3.6526774559098514 5.669217164550252 21.304352783585223 2.515430554817963 -0.1262123100515657 0.6806423836148863 0.9894741064530952 
89 LEA 0.0048566090408712626 18.75897216796875 192125.32782012993 4.677298525656259E10 0.2782516536916788 26.23175048828125 57.67852703224992 3.4112199928760836 5.518281580538906 8.100090217294138 2.246580875075047 -0.06686050371841544 0.468871145924104 0.7497742671867579 
90 LEA 0.006892528152093291 30.871917724609375 205818.62271112224 3.5908029650331696E10 0.3050979735224242 22.987030029296875 142.83712549676466 3.6718394253059157 5.7332554739876285 15.959449306576175 2.4452931092211507 -0.10481616789911608 0.6237377115617662 0.8954672878843868 
91 LEA 0.0025907763047143817 36.22792053222656 256221.5613648141 3.1603935045395653E10 0.19367064683086496 21.563522338867188 90.08558146406003 3.6267645629728356 6.03864699610176 13.947615918761137 2.5571141526263004 -0.042519013922084625 0.33376356689811854 0.6618017825011593 
92 LEA 0.0024133240804076195 40.89642333984375 293490.00680434355 3.390389642577719E10 0.18495177530938317 22.314300537109375 92.49763768090705 3.634192476688705 6.09881718869285 15.90802875038824 2.6132333959717675 -0.03400164596395539 0.25257848546116646 0.6514378040151251 
93 LEA 0.0033123709727078676 41.37937927246094 327831.64283115475 2.821170154051853E10 0.23907673921989614 20.397903442382812 156.9341099832441 3.8155170421616074 6.104698369599101 19.15525594382752 2.6045667486794453 -0.08392395061855687 0.5657762637038452 0.8257082122286309 
94 LEA 0.012645439826883376 14.956787109375 60056.3865941835 1.185362939412053E10 0.3894289741595464 13.2803955078125 136.54847520504745 3.520014734743772 5.194653183032705 8.426441299223825 2.078653762231173 -0.18865892601704884 0.7826165983023105 0.9678637245595311 
95 LEA 0.005724209127947688 32.478607177734375 67774.90345731798 1.3432013030048157E10 0.2865446712831104 14.092376708984375 94.95298643679715 3.5358993379326216 5.667759125189467 16.710469101793734 2.461865183074319 -0.06817295096628552 0.48077751596678 0.775860161804638 
96 MET 0.014780212077312171 9.738693237304688 76608.91195109031 5.745611730891912E10 0.31557576258234005 29.070693969726562 12.066571883560648 2.635454177300642 4.462604355236712 3.684492345160841 1.9474394304153813 -0.008034066042469099 NaN 0.3243639313385782 
97 MET 0.007466135546565056 12.791839599609375 157244.0578647237 6.599177915305748E10 0.28161693237077645 31.1744384765625 31.220002422484413 3.1082349691129045 5.060607102747033 4.731988914757068 2.0706440782321014 -0.0443891706806155 0.3210078235229176 0.6853686578358962 
98 MET 0.005134928156621754 31.569931030273438 178089.3338777409 5.642190699097944E10 0.21731629751092305 28.821792602539062 47.01719341317812 3.2664160344813578 5.520247653438735 12.83031871463448 2.491773850530439 -0.01295478938737058 NaN 0.47943838591064375 
99 MET 0.005983776994980872 30.811187744140625 144866.7885742229 5.1234583039318756E10 0.23005332796579558 27.465728759765625 47.79184683936754 3.2485226812378434 5.446771875734131 13.021395945106633 2.4786987617017364 -0.014864131882795197 NaN 0.47567915684298967 
100 MET 0.003799902624450624 39.196075439453125 243354.28583094463 4.325816656117752E10 0.21528130507102844 25.2393798828125 99.64978736872627 3.595806674747 5.892312908512544 16.877938876217854 2.590135390790319 -0.04244957849380441 0.32935546265247223 0.7032166295110654 
101 MET 0.006046351627446711 38.1324462890625 174837.75555140464 3.897030660904149E10 0.2479817951078614 23.962738037109375 117.62307724887867 3.594354683959862 5.73985815547814 17.789165740706068 2.5676231768693882 -0.06100140746921698 0.44686680222530406 0.7489112280747284 
102 MIS 0.006178058101795614 28.881011962890625 42050.64336214116 1.0999649884125443E10 0.2626020461560059 12.714019775390625 55.72963094653349 3.34381905275933 5.420834975129916 12.462983227633686 2.451080271461193 -0.053465395203721476 0.39280671749989626 0.7714307820142284 
103 MIS 0.008393736206926405 32.24493408203125 38548.84746824438 1.1681746273617813E10 0.28721260411470534 13.11798095703125 68.16774597409415 3.380695934488433 5.411088048070422 15.167189253877154 2.4774705582520515 -0.05255640445980709 0.38690023919194794 0.8044748138061503 
104 MIS 0.04531448124907911 3.444610595703125 28268.47902278713 4.004516428260361E10 0.49969696911435696 24.283721923828125 7.150587849203504 2.3165634016248577 3.569832950564059 1.6331595683309672 1.4950399897327211 -0.042233003781624055 0.2577899351639216 0.6831864829639067 
105 MIS 0.027046949020586908 5.0721588134765625 43073.13455363182 4.207178837996967E10 0.45088379063025513 24.889022827148438 13.758893657493111 2.6535823402154874 4.120570697654057 2.4013217539816836 1.658739354075909 -0.0668311599777177 0.41122022487922216 0.8182951998811213 
106 PAI 0.005578957847319543 11.023223876953125 181561.05206129712 2.6856878447901672E10 0.37193971460742614 19.964752197265625 93.9861391993293 3.610163860405145 5.385954256400676 5.526040155307811 1.9752532318412674 -0.1871493981267444 0.7887352229551692 0.9275690528282383 
107 PAI 0.003200440318323672 23.30987548828125 353183.43889520783 3.740542391940149E10 0.2754901261646398 23.51263427734375 112.25950709980327 3.716833041256051 5.9029190158999665 10.722512578064226 2.3399940111108406 -0.1040616665719439 0.6284386032705072 0.8571107454164678 
108 PAI 0.006359011400490999 10.374053955078125 188995.47866062645 3.081576700903E10 0.38398613065035336 21.3775634765625 92.27382508341952 3.634859324755093 5.343192385717252 5.198333951092081 1.9583068070501939 -0.21800967647450334 0.8299159100616045 1.012032247585569 
109 PAI 0.008080851868726313 10.505722045898438 92612.19481386906 1.9255813941127495E10 0.3827914032510512 16.881912231445312 79.11019767680428 3.5041675448322898 5.198032897775681 5.285703563032264 1.9610364429908953 -0.18787483881173275 0.7815510163702547 1.0317171341591258 
110 PAI 0.012366336886771023 10.968902587890625 67628.81406075411 1.4801211716495956E10 0.4003689853948956 14.78302001953125 119.17988099838215 3.5188273250550406 5.141166940043768 5.86347331898267 1.9608732990712576 -0.21311646148021893 0.8151059106025351 1.0535732606759065 
111 PAI 0.006164342863485217 15.969802856445312 85077.79550366121 2.370178905935029E10 0.29355309938164104 18.693771362304688 60.24782056055545 3.3850011406060787 5.393407051546373 7.047903689308619 2.1655556170958237 -0.0793871383852836 0.519519849303636 0.8399596439484691 
112 PAI 0.007527306559495628 10.62164306640625 69530.91240806227 2.0042803741091522E10 0.34613979644810433 17.195892333984375 54.61883422751205 3.3720019108404613 5.162847451004748 4.808566633120137 1.9801928923237038 -0.13105918783922443 0.6696280839515358 0.9284911708636746 
113 PAI 0.011929939035326242 6.2373504638671875 102299.63884519888 1.6315735700262596E10 0.4913984965633734 15.498336791992188 152.85604570203745 3.6268843450348935 4.997450049710528 3.5491282631185825 1.7110750158277086 -0.316212367437164 0.9078405365950154 1.042717968539369 
114 PAI 0.014698911574669182 8.235275268554688 45328.4665939356 1.1887859619755272E10 0.47016763754186014 13.253768920898438 81.82445034592244 3.4177921779427605 4.865627109134059 4.84519146247704 1.8015966624266526 -0.2397686209365673 0.835278215553562 1.0068195722294964 
115 PAI 0.007795733050443232 13.438949584960938 63948.99104661692 1.5073110453683937E10 0.36064957913018936 14.932693481445312 65.67683936515476 3.4364450886272975 5.2176415948704635 6.849719539708026 2.069049842812164 -0.14991376041433901 0.7142714429545053 0.9728652530378722 
116 PAI 0.006128903361968696 15.376007080078125 115265.08208702058 2.188644104139868E10 0.33336929932590725 17.980712890625 100.65870967827686 3.591389890792485 5.502515945258067 7.651240458200959 2.128190704635041 -0.1433820277828214 0.7134482863885867 0.889829883073056 
117 PAI 0.01660111837554723 5.3919525146484375 79192.94494916163 4.113626054718993E10 0.4881911370312798 24.588027954101562 32.610362088474744 3.09026369503908 4.509240659407509 2.9440075079152237 1.6573609584521678 -0.1783885219001319 0.7319829482908445 1.032212224362265 
118 PAI 0.019514708779752254 5.5958099365234375 80287.13084653263 4.481219385570957E10 0.5090628295702779 25.707138061523438 35.334254137758194 3.119571249343088 4.504890434124295 3.2779674819276536 1.6438825602142246 -0.19555046516446734 0.7594094289171999 0.9921547872674148 
119 SAN 0.025597491185180843 4.0899658203125 7097.2029738954725 7.020571045991486E9 0.44163148497446963 10.170684814453125 9.450645632870447 2.52477095064358 3.923647602851157 1.6764295635407507 1.569264713569492 -0.050523140780074215 0.3217384680759491 0.7494368058481472 
120 SAN 0.018185205408371985 5.6225128173828125 9969.938022958258 7.7041186824833145E9 0.394559890693565 10.661422729492188 13.671237228822811 2.7022010544137487 4.251634564903327 2.2501521056407867 1.7065168838333533 -0.0506608469852231 0.3349748920485316 0.7130539478388016 
121 SAN 0.027682573650963604 3.8553619384765625 5327.337748563125 5.343831184051643E9 0.46162835028456983 8.878067016601562 9.860297498824941 2.5349541335697956 3.881897417121163 1.675323918180716 1.5424664440853222 -0.06341910360530029 0.38510942229839945 0.7682075792642422 
122 SAN 0.018313897657208145 5.801971435546875 16329.954784317346 1.3017058916625992E10 0.39081677097172407 13.841094970703125 13.383484130463813 2.6876523847622638 4.2605743191586996 2.3427576412868802 1.7163885040195426 -0.04504751557464047 0.3002243772552069 0.7584397355602784 
123 SAN 0.01910540263634175 4.6754608154296875 10083.075863346841 7.27470757455323E9 0.4325247218858821 10.348464965820312 15.675988900445141 2.7585007983890475 4.19849454466381 1.991866757775604 1.6264656239177537 -0.08839925587336007 0.49845112672750114 0.8818729862174562 
124 SAN 0.011507474933750927 27.238143920898438 59967.71289442312 1.3715297052451912E10 0.3040183359765118 14.225112915039062 99.44291488160843 3.509243263202766 5.474711674545352 13.363240502212939 2.40925583475339 -0.10174522388017865 0.6030532078953932 1.0051429382671289 
125 SAN 0.013584819505922496 28.070755004882812 77694.02069533353 1.5375579282507912E10 0.3329029476914491 15.064071655273438 139.9001533800618 3.6124042938243357 5.502251354589724 14.773069602732456 2.3938187292318482 -0.14360113102001065 0.7139118603688246 1.0131885968313807 
126 STO 0.00995053316000849 9.507736206054688 83871.36316533509 2.3425285649685097E10 0.4023980961110849 18.598709106445312 81.42692373327573 3.4338256961927467 5.111058590560962 4.967564751459811 1.8997831679917987 -0.17925636476448312 0.7636754760403252 0.9937858795389279 
127 STO 0.015322200022637844 40.10902404785156 320142.8825454593 3.718502764875201E10 0.3394337090969553 23.484725952148438 284.20384106817176 3.8137914470064764 5.808427795934349 22.267537443973886 2.524706664280372 -0.16884880304165734 0.7762903322470374 1.0355484471609826 
128 STO 0.030418824986554682 2.7382354736328125 36111.81457740833 2.475452517970771E10 0.5650777139836606 19.101333618164062 35.37619871233507 3.0668154570726287 4.172405685630947 1.471293264959236 1.3910738273762129 -0.2779561926890544 0.8418882387325318 1.019671745687406 
129 STO 0.011592088150791824 6.11053466796875 32611.50760400957 1.1985610412595581E10 0.4417528306450095 13.276336669921875 37.86504407549913 3.189598468025217 4.7196570077584425 3.002073494459296 1.739609683894542 -0.16576182828317826 0.7207008801492159 0.9442603775490505 
130 STO 0.02598521299660206 4.1351470947265625 67147.3499655344 6.502647088657011E10 0.4575948636097121 30.947891235351562 11.425837983424692 2.6124417923533865 3.9968058407633467 1.8196406566466479 1.5766419100949691 -0.07247940096507402 0.4292313706424548 0.8193869133334168 
131 STO 0.02256058098282665 3.838592529296875 62676.250630282986 5.107045952642137E10 0.47540756137321744 27.41180419921875 14.72367033428884 2.742038478174532 4.09599173969044 1.751671364043915 1.5425024950417976 -0.11198479301398226 0.5649655002221876 0.9522610662415916 
132 TER 0.025408350629732013 2.9501800537109375 7781.89771182984 3.818852920300331E9 0.5560271863750059 7.4849395751953125 26.15543374481758 2.932172391449376 4.041758484689052 1.5747323832065447 1.43443690130279 -0.2440577525509091 0.7987036657297967 1.002201452510175 
133 TER 0.04445792571641505 2.3049774169921875 3329.756466518408 2.1218549294177322E9 0.6140048617527988 5.5728607177734375 18.38794859638336 2.689149920773648 3.624854443193174 1.345184924240023 1.3297591299326654 -0.2706755310425436 0.8033606813158255 0.9843557481386859 
134 TER 0.08312592632137239 1.596405029296875 645.9963146918558 8.119795181786194E8 0.6867531920240177 3.443206787109375 8.504931185300649 2.271395271185702 2.9689728377144218 1.0425562466732856 1.145305894094729 -0.23991246848286293 0.7199593775940945 1.027500344273985 
135 TER 0.028705062926746905 2.4116363525390625 9137.653152313518 5.092660899505913E9 0.5886644359746569 8.644424438476562 23.10505447545564 2.9087736918727334 3.93131500149266 1.318820830033708 1.3612751788797604 -0.2763416006822046 0.8274076172609607 0.9837095680262339 
136 TER 0.032203312031924725 1.84881591796875 11891.389005341516 6.885298823886154E9 0.6298421681850557 10.0316162109375 26.128438799704327 2.9206820348278173 3.8427544392436106 1.0466617056091536 1.260752496957937 -0.3250422749098148 0.8657209059038222 0.9899987950692276 
137 TER 0.03065814182627946 1.56353759765625 12736.336045132735 5.348485389637787E9 0.6415430821038266 8.849334716796875 32.545506526143555 2.9999648808411252 3.8528976997388287 0.868247174845493 1.1964756192147858 -0.38632044206813737 0.9073454190627351 1.0274580290604112 
138 TER 0.05244856409262866 1.3527069091796875 4893.338298001424 4.2345402079446945E9 0.6873970545003163 7.8915863037109375 14.930365535674362 2.665395426931662 3.4184204711856814 0.8354898153429033 1.122673643277298 -0.3343629070197612 0.8491079799163275 1.040309150495553 
139 TER 0.05351475882343948 1.569061279296875 4929.340788130815 2.530926175221466E9 0.6930300176395479 6.085174560546875 25.13003652859291 2.7615762980425784 3.5297826448413137 1.0220898515946146 1.167135655859349 -0.3796109224603397 0.8877940432123499 1.030793974172598 
140 TER 0.04910413874313235 4.74462890625 13083.251915547924 4.687477638114548E9 0.5764393371007713 8.269012451171875 69.79047943461504 3.069149687979897 4.17706750466905 2.9624733218354606 1.588482195465507 -0.3111346474120027 0.8712703868543521 1.0153875498118743 
141 TER 0.038982736179605126 2.47503662109375 3539.843887066535 3.1422822613038483E9 0.5714178066269798 6.79620361328125 14.288479517475139 2.626510513850734 3.656850055230209 1.2974323421726979 1.36737113061607 -0.18365463344326513 0.689590393708193 0.973058764192789 
142 TER 0.05335713771637529 2.8703155517578125 4884.839135515381 4.2803331377038956E9 0.6219990552772156 7.9330291748046875 19.058600218227816 2.6689611757667446 3.6129952907063734 1.8246003351325228 1.3766702400556718 -0.24728180217460255 0.7763474038738944 1.0399523759828015 
143 TIL 0.011401311145164073 11.298995971679688 64731.79895740913 3.916875879620049E10 0.28419436809941323 24.034347534179688 19.298551786391677 2.7972446645008007 4.68656403260169 3.9354712752382355 2.0069810105244885 -0.036277728879799014 0.24438062131797297 0.9273563532663825 
144 TIL 0.0341524287359789 20.032211303710938 90530.19192236451 4.635126427701853E10 0.5078455513818783 26.139755249023438 91.29994643315727 3.2722341264851393 4.6474084484168285 12.811586210831997 2.0594241150687176 -0.21096333717791343 0.7890847453623767 1.1787911913339686 
145 TIL 0.056294410955160856 7.4025726318359375 34399.46546654075 1.1899568274768272E10 0.6876805041251862 13.259597778320312 218.2898665181492 3.1468168023947403 4.032185389121078 5.95831842918188 1.4138263196367054 -0.42075843554189357 0.9319670479805832 1.061460963288672 
146 TIL 0.06145723012741655 6.0579833984375 33285.403961372576 1.0446091723617188E10 0.7503359109023534 12.422119140625 230.0392115544546 3.093533888087181 3.757832090510468 5.193008670574983 1.1871047317860561 -0.5045996000371198 0.9544370059682453 1.270854959237466 
147 TIL 0.002683407161384821 48.51927185058594 2136770.590262843 8.557920848369972E10 0.2923685128389817 35.55891418457031 236.83835245966145 3.9887532703245494 6.239859636419534 25.8670932865004 2.6110760209201542 -0.13133862236999636 0.7167584858040967 0.8800458905576773 
148 TIL 0.04783750185742974 14.464462280273438 83133.84315445584 2.345330479036036E10 0.5899692390418295 18.507766723632812 235.311071411893 3.275722168695798 4.496906375966459 10.544823391794758 1.810991755410511 -0.3842160181638648 0.9304901698416194 1.1615880599394088 
149 TIL 0.06527003226801753 7.460540771484375 45454.87780936808 1.58135411176456E10 0.6454880704602984 15.185821533203125 209.88611506393 3.1611248223176966 4.158329449888747 5.59129350142419 1.5604413406061735 -0.4200655079320187 0.9359929653956531 1.1737123793085684 
150 TIL 0.031326208147220314 14.493316650390625 120594.64917106912 7.103835129617245E10 0.6121412325943733 32.35845947265625 58.79549449302078 3.1780834727557976 4.17854668562458 11.259909528800364 1.5933395257609533 -0.30680494157387356 0.86783389275589 1.1663087083226484 
151 TIL 0.277445328887552 12.788986206054688 22609.3800644025 7.209036574942024E10 0.7457247606428989 32.60166931152344 44.466263496147256 1.9587264358336909 2.445662117620231 10.68958601923294 1.3230154249530637 -0.20983619861387265 0.6318118093034328 1.3744227813192462 
152 TIL 0.058959654066711664 11.75640869140625 46422.32028907548 4.7810197964851456E10 0.6520610407368723 26.50286865234375 38.176200757476295 2.796511936275721 3.636009494910944 9.243832178561206 1.512103931854303 -0.27093088155520895 0.8043330026013495 1.3118386150630663 
153 TIL 0.0794091415591538 12.567474365234375 42361.49805460775 5.631947679322357E10 0.6670832701568336 28.786865234375 41.01778088862375 2.676615209424628 3.4405891975676437 10.040767911001723 1.4859041832516644 -0.25571288325476577 0.7746668537383838 1.2940532878408402 
154 WAT 0.0038794339634478092 18.897735595703125 502665.97579339665 6.780594862048711E10 0.28975496970619025 31.609527587890625 114.3367239300176 3.670341963456987 5.725020362864805 8.459176555437807 2.24779451071126 -0.12311697600618071 0.6751435986493105 0.8754665610005596 
155 WAT 0.05712582799606025 0.6023406982421875 67534.62012993358 5.31590590339284E10 0.7708881125415727 27.977066040039062 18.402708473423907 2.6722159777043557 3.1327101040913568 0.38615410843352294 0.8581054602640888 -0.4968310734937585 0.9279116621959377 1.1317856353775386 
156 WAT 0.05416644923388958 4.034149169921875 49209.81314047493 6.587334261744957E10 0.5933633346745983 31.143585205078125 14.151274448546275 2.500185875534989 3.5730134367836737 2.669300828096766 1.4407475838681334 -0.1358365109903736 0.5917825957938596 1.0385627564249438 
157 WAT 0.036132280132733285 1.59033203125 42618.41271521834 4.136561400763805E10 0.6032410735356221 24.682373046875 11.1761796615192 2.5732403019653325 3.505290565135617 0.7619598263584351 1.2039697003299958 -0.21481750963572738 0.7269706443900891 0.987233172172699 
158 WAT 0.0059360197046771646 29.041259765625 301896.4202256156 4.3952733364278946E10 0.3249589007813364 25.4361572265625 132.1904348981302 3.684934744325977 5.743854108765255 15.33949138853771 2.3944542914714715 -0.11545889255058153 0.6553930343358122 0.9581827488606238 
159 WAT 0.05913366307504475 1.541717529296875 41741.20007554206 6.392593503561192E10 0.6153685122001586 30.6993408203125 5.53316458119707 2.229154236002352 3.133244288721546 0.7702203740132347 1.1870642825340694 -0.12507774970100766 0.5368124048858954 0.9521143448215936 
160 WAT 0.04998647118918598 1.29925537109375 27582.048159527483 3.520659894520102E10 0.632843852117467 22.7723388671875 7.1063150345949 2.3650317241131273 3.1994897300072114 0.6392366362472615 1.1257776733237137 -0.18968643913716968 0.6666979528763309 0.9836953795046429 
161 WAT 0.008424449479207397 7.156890869140625 433272.40548098873 1.0268565418414948E11 0.4157196884150927 38.8885498046875 81.87621123420877 3.5029520628913167 5.0788704822154065 3.3944383309444675 1.8191271992672295 -0.21984454588234972 0.8210163557491775 0.9415821183513744 
162 WHE 0.0153001903090626 28.052734375 103366.78268280198 2.1187965582348846E10 0.34666230553624083 17.650177001953125 178.3928975956019 3.6675416774716303 5.548206621600458 15.224204507864926 2.3842561818255286 -0.1527895771242221 0.7351194323872615 0.9877279766928585 
163 WHE 0.0031213484471663833 30.37628173828125 276987.48290140793 2.8053307250136917E10 0.24962772694105545 20.322540283203125 126.7642184528327 3.755977630224672 6.004441073046265 14.000016489648715 2.4611653289453046 -0.09245405707002147 0.5938473127669608 0.7983449286177687 
164 WHE 0.0032671785447746515 30.100051879882812 215792.40266041117 2.4200863309021614E10 0.24097715771170494 18.853012084960938 116.83738769337242 3.711702814830664 5.944684988710456 13.188201865333049 2.465669123767552 -0.08341785336767685 0.5576416949916456 0.7873968583837573 
165 WOO 0.0033588228980079293 23.259597778320312 540686.512253026 5.1214321509179054E10 0.28587285044324556 27.515823364257812 136.20970552131473 3.819750236129353 5.975725078156884 11.527228932424471 2.3096680619428405 -0.1388679843045428 0.7236492345342971 0.8822628335546493 
166 WOO 0.0033588228980079293 23.259597778320312 540686.512253026 5.1214321509179054E10 0.28587285044324556 27.515823364257812 136.20970552131473 3.819750236129353 5.975725078156884 11.527228932424471 2.3096680619428405 -0.1388679843045428 0.7236492345342971 0.8822628335546493 
167 WOO 0.13588728406466544 0.3341217041015625 59677.91441861458 1.139213028625768E11 0.8291976928710936 40.95375061035156 4.206790104430304 2.019091722361151 2.272305252355925 0.22995616179077416 0.661557408345972 -0.432040722830779 0.8331239218341362 1.0656726259696283 
