91 13 66 
1 BAR 4675.0 5982.0 8666.0 9209.0 9423.0 10880.0 13085.0 16552.0 20668.0 23952.0 28873.0 32150.0 30382.0 26320.0 16386.0 4738.0 203.0 0.0 0.0 0.0 0.0 0.0 262144.0 0.0 0.0 0.0 0.0 0.0 0.0 0.0 0.0 0.0 0.0 0.0 0.0 0.0 0.0 0.0 0.0 0.0 0.0 0.0 0.0 0.0 262144.0 0.0 0.0 0.0 0.0 0.0 0.0 0.0 0.0 0.0 0.0 0.0 0.0 0.0 0.0 0.0 0.0 0.0 0.0 0.0 0.0 0.0  
2 BAR 3698.0 5421.0 9054.0 10305.0 9917.0 11454.0 13441.0 16749.0 20935.0 24337.0 28432.0 31371.0 29794.0 25766.0 16450.0 4657.0 363.0 0.0 0.0 0.0 0.0 0.0 262144.0 0.0 0.0 0.0 0.0 0.0 0.0 0.0 0.0 0.0 0.0 0.0 0.0 0.0 0.0 0.0 0.0 0.0 0.0 0.0 0.0 0.0 262144.0 0.0 0.0 0.0 0.0 0.0 0.0 0.0 0.0 0.0 0.0 0.0 0.0 0.0 0.0 0.0 0.0 0.0 0.0 0.0 0.0 0.0  
3 BAR 3776.0 5457.0 8385.0 9858.0 10349.0 11609.0 13411.0 16731.0 20971.0 24071.0 28554.0 31707.0 29956.0 26060.0 16243.0 4693.0 313.0 0.0 0.0 0.0 0.0 0.0 262144.0 0.0 0.0 0.0 0.0 0.0 0.0 0.0 0.0 0.0 0.0 0.0 0.0 0.0 0.0 0.0 0.0 0.0 0.0 0.0 0.0 0.0 262144.0 0.0 0.0 0.0 0.0 0.0 0.0 0.0 0.0 0.0 0.0 0.0 0.0 0.0 0.0 0.0 0.0 0.0 0.0 0.0 0.0 0.0  
4 BAR 3865.0 4917.0 8213.0 9758.0 9835.0 11249.0 13299.0 16043.0 20223.0 24541.0 28190.0 32461.0 30798.0 26530.0 16885.0 5031.0 306.0 0.0 0.0 0.0 0.0 0.0 262144.0 0.0 0.0 0.0 0.0 0.0 0.0 0.0 0.0 0.0 0.0 0.0 0.0 0.0 0.0 0.0 0.0 0.0 0.0 0.0 0.0 0.0 262144.0 0.0 0.0 0.0 0.0 0.0 0.0 0.0 0.0 0.0 0.0 0.0 0.0 0.0 0.0 0.0 0.0 0.0 0.0 0.0 0.0 0.0  
5 BAR 4503.0 5817.0 9064.0 9983.0 9982.0 11513.0 13474.0 16477.0 19883.0 24267.0 27474.0 31173.0 29674.0 26284.0 17028.0 5222.0 326.0 0.0 0.0 0.0 0.0 0.0 262144.0 0.0 0.0 0.0 0.0 0.0 0.0 0.0 0.0 0.0 0.0 0.0 0.0 0.0 0.0 0.0 0.0 0.0 0.0 0.0 0.0 0.0 262144.0 0.0 0.0 0.0 0.0 0.0 0.0 0.0 0.0 0.0 0.0 0.0 0.0 0.0 0.0 0.0 0.0 0.0 0.0 0.0 0.0 0.0  
6 BAR 3247.0 5534.0 9138.0 9961.0 10555.0 11890.0 14098.0 16706.0 20671.0 24315.0 27709.0 31303.0 29333.0 25455.0 16541.0 5292.0 396.0 0.0 0.0 0.0 0.0 0.0 262144.0 0.0 0.0 0.0 0.0 0.0 0.0 0.0 0.0 0.0 0.0 0.0 0.0 0.0 0.0 0.0 0.0 0.0 0.0 0.0 0.0 0.0 262144.0 0.0 0.0 0.0 0.0 0.0 0.0 0.0 0.0 0.0 0.0 0.0 0.0 0.0 0.0 0.0 0.0 0.0 0.0 0.0 0.0 0.0  
7 BAR 2985.0 4992.0 8756.0 10110.0 10028.0 11569.0 13253.0 16039.0 20074.0 24172.0 27985.0 31569.0 29929.0 26194.0 17783.0 6101.0 603.0 2.0 0.0 0.0 0.0 0.0 262144.0 0.0 0.0 0.0 0.0 0.0 0.0 0.0 0.0 0.0 0.0 0.0 0.0 0.0 0.0 0.0 0.0 0.0 0.0 0.0 0.0 0.0 262144.0 0.0 0.0 0.0 0.0 0.0 0.0 0.0 0.0 0.0 0.0 0.0 0.0 0.0 0.0 0.0 0.0 0.0 0.0 0.0 0.0 0.0  
8 BRI 153.0 377.0 956.0 2173.0 3618.0 4940.0 5968.0 8400.0 13998.0 26523.0 40323.0 47446.0 40861.0 35321.0 17836.0 6972.0 6185.0 94.0 0.0 0.0 0.0 0.0 262144.0 0.0 0.0 0.0 0.0 0.0 0.0 0.0 0.0 0.0 0.0 0.0 0.0 0.0 0.0 0.0 0.0 0.0 0.0 0.0 0.0 0.0 262144.0 0.0 0.0 0.0 0.0 0.0 0.0 0.0 0.0 0.0 0.0 0.0 0.0 0.0 0.0 0.0 0.0 0.0 0.0 0.0 0.0 0.0  
9 BRI 229.0 407.0 1080.0 2348.0 3907.0 5017.0 6534.0 9298.0 16110.0 28298.0 40429.0 47945.0 39207.0 32352.0 16644.0 7555.0 4706.0 78.0 0.0 0.0 0.0 0.0 262144.0 0.0 0.0 0.0 0.0 0.0 0.0 0.0 0.0 0.0 0.0 0.0 0.0 0.0 0.0 0.0 0.0 0.0 0.0 0.0 0.0 0.0 262144.0 0.0 0.0 0.0 0.0 0.0 0.0 0.0 0.0 0.0 0.0 0.0 0.0 0.0 0.0 0.0 0.0 0.0 0.0 0.0 0.0 0.0  
10 BRI 177.0 381.0 923.0 2202.0 3600.0 5109.0 6599.0 9327.0 15843.0 28388.0 42246.0 48035.0 37336.0 31149.0 18063.0 7846.0 4815.0 105.0 0.0 0.0 0.0 0.0 262144.0 0.0 0.0 0.0 0.0 0.0 0.0 0.0 0.0 0.0 0.0 0.0 0.0 0.0 0.0 0.0 0.0 0.0 0.0 0.0 0.0 0.0 262144.0 0.0 0.0 0.0 0.0 0.0 0.0 0.0 0.0 0.0 0.0 0.0 0.0 0.0 0.0 0.0 0.0 0.0 0.0 0.0 0.0 0.0  
11 BRI 228.0 329.0 787.0 1834.0 3363.0 5434.0 7022.0 9923.0 17999.0 32262.0 43919.0 46426.0 38005.0 28646.0 13405.0 7243.0 5276.0 43.0 0.0 0.0 0.0 0.0 262144.0 0.0 0.0 0.0 0.0 0.0 0.0 0.0 0.0 0.0 0.0 0.0 0.0 0.0 0.0 0.0 0.0 0.0 0.0 0.0 0.0 0.0 262144.0 0.0 0.0 0.0 0.0 0.0 0.0 0.0 0.0 0.0 0.0 0.0 0.0 0.0 0.0 0.0 0.0 0.0 0.0 0.0 0.0 0.0  
12 BRI 143.0 346.0 912.0 2014.0 3413.0 5062.0 6775.0 9429.0 16017.0 28303.0 43952.0 52045.0 37376.0 26956.0 16551.0 7744.0 4919.0 187.0 0.0 0.0 0.0 0.0 262144.0 0.0 0.0 0.0 0.0 0.0 0.0 0.0 0.0 0.0 0.0 0.0 0.0 0.0 0.0 0.0 0.0 0.0 0.0 0.0 0.0 0.0 262144.0 0.0 0.0 0.0 0.0 0.0 0.0 0.0 0.0 0.0 0.0 0.0 0.0 0.0 0.0 0.0 0.0 0.0 0.0 0.0 0.0 0.0  
13 BRI 140.0 293.0 788.0 1988.0 3330.0 4984.0 6812.0 9528.0 16039.0 28396.0 44376.0 53504.0 38136.0 28158.0 13860.0 7300.0 4437.0 75.0 0.0 0.0 0.0 0.0 262144.0 0.0 0.0 0.0 0.0 0.0 0.0 0.0 0.0 0.0 0.0 0.0 0.0 0.0 0.0 0.0 0.0 0.0 0.0 0.0 0.0 0.0 262144.0 0.0 0.0 0.0 0.0 0.0 0.0 0.0 0.0 0.0 0.0 0.0 0.0 0.0 0.0 0.0 0.0 0.0 0.0 0.0 0.0 0.0  
14 BRI 150.0 412.0 1171.0 2434.0 3779.0 4858.0 6819.0 9955.0 17598.0 32167.0 47877.0 52524.0 39988.0 22900.0 8150.0 7144.0 4204.0 14.0 0.0 0.0 0.0 0.0 262144.0 0.0 0.0 0.0 0.0 0.0 0.0 0.0 0.0 0.0 0.0 0.0 0.0 0.0 0.0 0.0 0.0 0.0 0.0 0.0 0.0 0.0 262144.0 0.0 0.0 0.0 0.0 0.0 0.0 0.0 0.0 0.0 0.0 0.0 0.0 0.0 0.0 0.0 0.0 0.0 0.0 0.0 0.0 0.0  
15 BUB 20197.0 10868.0 14897.0 19089.0 22656.0 25587.0 27174.0 26938.0 24653.0 20931.0 18663.0 13710.0 8248.0 4599.0 2217.0 1077.0 541.0 99.0 0.0 0.0 0.0 0.0 262144.0 0.0 0.0 0.0 0.0 0.0 0.0 0.0 0.0 0.0 0.0 0.0 0.0 0.0 0.0 0.0 0.0 0.0 0.0 0.0 0.0 0.0 262144.0 0.0 0.0 0.0 0.0 0.0 0.0 0.0 0.0 0.0 0.0 0.0 0.0 0.0 0.0 0.0 0.0 0.0 0.0 0.0 0.0 0.0  
16 BUB 11931.0 8320.0 13108.0 18791.0 23651.0 26427.0 28730.0 28671.0 26415.0 22503.0 20235.0 15042.0 9056.0 5151.0 2493.0 1100.0 467.0 53.0 0.0 0.0 0.0 0.0 262144.0 0.0 0.0 0.0 0.0 0.0 0.0 0.0 0.0 0.0 0.0 0.0 0.0 0.0 0.0 0.0 0.0 0.0 0.0 0.0 0.0 0.0 262144.0 0.0 0.0 0.0 0.0 0.0 0.0 0.0 0.0 0.0 0.0 0.0 0.0 0.0 0.0 0.0 0.0 0.0 0.0 0.0 0.0 0.0  
17 BUB 15748.0 9547.0 14196.0 18751.0 21700.0 25133.0 27482.0 28058.0 25817.0 22428.0 20049.0 15163.0 8914.0 5125.0 2366.0 1069.0 541.0 57.0 0.0 0.0 0.0 0.0 262144.0 0.0 0.0 0.0 0.0 0.0 0.0 0.0 0.0 0.0 0.0 0.0 0.0 0.0 0.0 0.0 0.0 0.0 0.0 0.0 0.0 0.0 262144.0 0.0 0.0 0.0 0.0 0.0 0.0 0.0 0.0 0.0 0.0 0.0 0.0 0.0 0.0 0.0 0.0 0.0 0.0 0.0 0.0 0.0  
18 BUB 30632.0 12296.0 15843.0 19038.0 21987.0 24546.0 25781.0 26001.0 23257.0 19185.0 16892.0 12166.0 7158.0 4011.0 1889.0 967.0 461.0 34.0 0.0 0.0 0.0 0.0 262144.0 0.0 0.0 0.0 0.0 0.0 0.0 0.0 0.0 0.0 0.0 0.0 0.0 0.0 0.0 0.0 0.0 0.0 0.0 0.0 0.0 0.0 262144.0 0.0 0.0 0.0 0.0 0.0 0.0 0.0 0.0 0.0 0.0 0.0 0.0 0.0 0.0 0.0 0.0 0.0 0.0 0.0 0.0 0.0  
19 BUB 17657.0 10683.0 14837.0 19368.0 22944.0 26098.0 28285.0 28171.0 25065.0 21192.0 18698.0 13566.0 8006.0 4279.0 1961.0 869.0 424.0 41.0 0.0 0.0 0.0 0.0 262144.0 0.0 0.0 0.0 0.0 0.0 0.0 0.0 0.0 0.0 0.0 0.0 0.0 0.0 0.0 0.0 0.0 0.0 0.0 0.0 0.0 0.0 262144.0 0.0 0.0 0.0 0.0 0.0 0.0 0.0 0.0 0.0 0.0 0.0 0.0 0.0 0.0 0.0 0.0 0.0 0.0 0.0 0.0 0.0  
20 BUB 16066.0 9813.0 13748.0 18807.0 23567.0 26231.0 28233.0 28307.0 25778.0 21533.0 19259.0 14002.0 8315.0 4599.0 2208.0 1082.0 526.0 70.0 0.0 0.0 0.0 0.0 262144.0 0.0 0.0 0.0 0.0 0.0 0.0 0.0 0.0 0.0 0.0 0.0 0.0 0.0 0.0 0.0 0.0 0.0 0.0 0.0 0.0 0.0 262144.0 0.0 0.0 0.0 0.0 0.0 0.0 0.0 0.0 0.0 0.0 0.0 0.0 0.0 0.0 0.0 0.0 0.0 0.0 0.0 0.0 0.0  
21 BUB 25663.0 12538.0 16082.0 19539.0 22414.0 25086.0 26733.0 26725.0 24283.0 20064.0 17199.0 12170.0 6907.0 3729.0 1744.0 834.0 404.0 30.0 0.0 0.0 0.0 0.0 262144.0 0.0 0.0 0.0 0.0 0.0 0.0 0.0 0.0 0.0 0.0 0.0 0.0 0.0 0.0 0.0 0.0 0.0 0.0 0.0 0.0 0.0 262144.0 0.0 0.0 0.0 0.0 0.0 0.0 0.0 0.0 0.0 0.0 0.0 0.0 0.0 0.0 0.0 0.0 0.0 0.0 0.0 0.0 0.0  
22 GRA 30668.0 8003.0 9476.0 11393.0 13358.0 15755.0 18444.0 20407.0 22284.0 24625.0 25202.0 23792.0 18694.0 12555.0 6051.0 1316.0 121.0 0.0 0.0 0.0 0.0 0.0 262144.0 0.0 0.0 0.0 0.0 0.0 0.0 0.0 0.0 0.0 0.0 0.0 0.0 0.0 0.0 0.0 0.0 0.0 0.0 0.0 0.0 0.0 262144.0 0.0 0.0 0.0 0.0 0.0 0.0 0.0 0.0 0.0 0.0 0.0 0.0 0.0 0.0 0.0 0.0 0.0 0.0 0.0 0.0 0.0  
23 GRA 30557.0 7763.0 9459.0 11544.0 13108.0 15915.0 18353.0 20303.0 21915.0 24390.0 25201.0 24009.0 18907.0 12957.0 6177.0 1448.0 137.0 1.0 0.0 0.0 0.0 0.0 262144.0 0.0 0.0 0.0 0.0 0.0 0.0 0.0 0.0 0.0 0.0 0.0 0.0 0.0 0.0 0.0 0.0 0.0 0.0 0.0 0.0 0.0 262144.0 0.0 0.0 0.0 0.0 0.0 0.0 0.0 0.0 0.0 0.0 0.0 0.0 0.0 0.0 0.0 0.0 0.0 0.0 0.0 0.0 0.0  
24 GRA 33300.0 7933.0 9752.0 11166.0 13080.0 16125.0 18454.0 20132.0 21797.0 23973.0 24499.0 23240.0 18265.0 12920.0 6012.0 1370.0 125.0 1.0 0.0 0.0 0.0 0.0 262144.0 0.0 0.0 0.0 0.0 0.0 0.0 0.0 0.0 0.0 0.0 0.0 0.0 0.0 0.0 0.0 0.0 0.0 0.0 0.0 0.0 0.0 262144.0 0.0 0.0 0.0 0.0 0.0 0.0 0.0 0.0 0.0 0.0 0.0 0.0 0.0 0.0 0.0 0.0 0.0 0.0 0.0 0.0 0.0  
25 GRA 14801.0 7764.0 9849.0 11925.0 13827.0 16297.0 19265.0 21229.0 23791.0 25552.0 25794.0 26034.0 20857.0 15219.0 7695.0 2048.0 191.0 6.0 0.0 0.0 0.0 0.0 262144.0 0.0 0.0 0.0 0.0 0.0 0.0 0.0 0.0 0.0 0.0 0.0 0.0 0.0 0.0 0.0 0.0 0.0 0.0 0.0 0.0 0.0 262144.0 0.0 0.0 0.0 0.0 0.0 0.0 0.0 0.0 0.0 0.0 0.0 0.0 0.0 0.0 0.0 0.0 0.0 0.0 0.0 0.0 0.0  
26 GRA 17222.0 7702.0 9546.0 12052.0 13974.0 16285.0 19236.0 21530.0 23527.0 25515.0 25666.0 25433.0 20588.0 14738.0 7221.0 1758.0 151.0 0.0 0.0 0.0 0.0 0.0 262144.0 0.0 0.0 0.0 0.0 0.0 0.0 0.0 0.0 0.0 0.0 0.0 0.0 0.0 0.0 0.0 0.0 0.0 0.0 0.0 0.0 0.0 262144.0 0.0 0.0 0.0 0.0 0.0 0.0 0.0 0.0 0.0 0.0 0.0 0.0 0.0 0.0 0.0 0.0 0.0 0.0 0.0 0.0 0.0  
27 GRA 17405.0 7712.0 9977.0 11917.0 14117.0 16820.0 19290.0 21587.0 23799.0 25830.0 25511.0 25070.0 20171.0 14433.0 6736.0 1639.0 130.0 0.0 0.0 0.0 0.0 0.0 262144.0 0.0 0.0 0.0 0.0 0.0 0.0 0.0 0.0 0.0 0.0 0.0 0.0 0.0 0.0 0.0 0.0 0.0 0.0 0.0 0.0 0.0 262144.0 0.0 0.0 0.0 0.0 0.0 0.0 0.0 0.0 0.0 0.0 0.0 0.0 0.0 0.0 0.0 0.0 0.0 0.0 0.0 0.0 0.0  
28 GRA 19762.0 7760.0 9627.0 11734.0 13748.0 16497.0 19084.0 21175.0 23708.0 25602.0 25394.0 25257.0 20077.0 14142.0 6876.0 1568.0 133.0 0.0 0.0 0.0 0.0 0.0 262144.0 0.0 0.0 0.0 0.0 0.0 0.0 0.0 0.0 0.0 0.0 0.0 0.0 0.0 0.0 0.0 0.0 0.0 0.0 0.0 0.0 0.0 262144.0 0.0 0.0 0.0 0.0 0.0 0.0 0.0 0.0 0.0 0.0 0.0 0.0 0.0 0.0 0.0 0.0 0.0 0.0 0.0 0.0 0.0  
29 LEA 1593.0 5079.0 13927.0 22998.0 26225.0 27301.0 26838.0 24758.0 23947.0 23148.0 20746.0 19197.0 14405.0 9033.0 2799.0 150.0 0.0 0.0 0.0 0.0 0.0 0.0 262144.0 0.0 0.0 0.0 0.0 0.0 0.0 0.0 0.0 0.0 0.0 0.0 0.0 0.0 0.0 0.0 0.0 0.0 0.0 0.0 0.0 0.0 262144.0 0.0 0.0 0.0 0.0 0.0 0.0 0.0 0.0 0.0 0.0 0.0 0.0 0.0 0.0 0.0 0.0 0.0 0.0 0.0 0.0 0.0  
30 LEA 2850.0 6550.0 15422.0 24253.0 25774.0 26012.0 26130.0 24380.0 23287.0 22160.0 20514.0 18910.0 14286.0 8929.0 2564.0 123.0 0.0 0.0 0.0 0.0 0.0 0.0 262144.0 0.0 0.0 0.0 0.0 0.0 0.0 0.0 0.0 0.0 0.0 0.0 0.0 0.0 0.0 0.0 0.0 0.0 0.0 0.0 0.0 0.0 262144.0 0.0 0.0 0.0 0.0 0.0 0.0 0.0 0.0 0.0 0.0 0.0 0.0 0.0 0.0 0.0 0.0 0.0 0.0 0.0 0.0 0.0  
31 LEA 5073.0 6909.0 15124.0 24735.0 25729.0 25941.0 25664.0 23709.0 22388.0 21323.0 19786.0 18553.0 14433.0 9457.0 3158.0 162.0 0.0 0.0 0.0 0.0 0.0 0.0 262144.0 0.0 0.0 0.0 0.0 0.0 0.0 0.0 0.0 0.0 0.0 0.0 0.0 0.0 0.0 0.0 0.0 0.0 0.0 0.0 0.0 0.0 262144.0 0.0 0.0 0.0 0.0 0.0 0.0 0.0 0.0 0.0 0.0 0.0 0.0 0.0 0.0 0.0 0.0 0.0 0.0 0.0 0.0 0.0  
32 LEA 5568.0 8901.0 16674.0 23595.0 25468.0 25302.0 25532.0 23568.0 22390.0 20787.0 19518.0 18190.0 14094.0 9295.0 3085.0 177.0 0.0 0.0 0.0 0.0 0.0 0.0 262144.0 0.0 0.0 0.0 0.0 0.0 0.0 0.0 0.0 0.0 0.0 0.0 0.0 0.0 0.0 0.0 0.0 0.0 0.0 0.0 0.0 0.0 262144.0 0.0 0.0 0.0 0.0 0.0 0.0 0.0 0.0 0.0 0.0 0.0 0.0 0.0 0.0 0.0 0.0 0.0 0.0 0.0 0.0 0.0  
33 LEA 5202.0 8546.0 16673.0 24346.0 25562.0 25708.0 24939.0 23985.0 22949.0 20746.0 19889.0 18187.0 13763.0 8774.0 2756.0 119.0 0.0 0.0 0.0 0.0 0.0 0.0 262144.0 0.0 0.0 0.0 0.0 0.0 0.0 0.0 0.0 0.0 0.0 0.0 0.0 0.0 0.0 0.0 0.0 0.0 0.0 0.0 0.0 0.0 262144.0 0.0 0.0 0.0 0.0 0.0 0.0 0.0 0.0 0.0 0.0 0.0 0.0 0.0 0.0 0.0 0.0 0.0 0.0 0.0 0.0 0.0  
34 LEA 3523.0 7076.0 15735.0 24791.0 25776.0 26330.0 26287.0 24068.0 23013.0 22109.0 20042.0 18338.0 13854.0 8455.0 2627.0 120.0 0.0 0.0 0.0 0.0 0.0 0.0 262144.0 0.0 0.0 0.0 0.0 0.0 0.0 0.0 0.0 0.0 0.0 0.0 0.0 0.0 0.0 0.0 0.0 0.0 0.0 0.0 0.0 0.0 262144.0 0.0 0.0 0.0 0.0 0.0 0.0 0.0 0.0 0.0 0.0 0.0 0.0 0.0 0.0 0.0 0.0 0.0 0.0 0.0 0.0 0.0  
35 LEA 1649.0 5653.0 15585.0 25521.0 26707.0 26851.0 26468.0 24478.0 23181.0 22158.0 20092.0 18444.0 14011.0 8694.0 2548.0 104.0 0.0 0.0 0.0 0.0 0.0 0.0 262144.0 0.0 0.0 0.0 0.0 0.0 0.0 0.0 0.0 0.0 0.0 0.0 0.0 0.0 0.0 0.0 0.0 0.0 0.0 0.0 0.0 0.0 262144.0 0.0 0.0 0.0 0.0 0.0 0.0 0.0 0.0 0.0 0.0 0.0 0.0 0.0 0.0 0.0 0.0 0.0 0.0 0.0 0.0 0.0  
36 PIG 0.0 7.0 47.0 168.0 955.0 3748.0 10172.0 19019.0 31208.0 42169.0 49257.0 50193.0 34139.0 15841.0 4403.0 754.0 64.0 0.0 0.0 0.0 0.0 0.0 262144.0 0.0 0.0 0.0 0.0 0.0 0.0 0.0 0.0 0.0 0.0 0.0 0.0 0.0 0.0 0.0 0.0 0.0 0.0 0.0 0.0 0.0 262144.0 0.0 0.0 0.0 0.0 0.0 0.0 0.0 0.0 0.0 0.0 0.0 0.0 0.0 0.0 0.0 0.0 0.0 0.0 0.0 0.0 0.0  
37 PIG 0.0 6.0 43.0 256.0 1197.0 4345.0 10749.0 19871.0 31092.0 41475.0 48144.0 50428.0 34331.0 15425.0 4032.0 697.0 53.0 0.0 0.0 0.0 0.0 0.0 262144.0 0.0 0.0 0.0 0.0 0.0 0.0 0.0 0.0 0.0 0.0 0.0 0.0 0.0 0.0 0.0 0.0 0.0 0.0 0.0 0.0 0.0 262144.0 0.0 0.0 0.0 0.0 0.0 0.0 0.0 0.0 0.0 0.0 0.0 0.0 0.0 0.0 0.0 0.0 0.0 0.0 0.0 0.0 0.0  
38 PIG 0.0 8.0 60.0 224.0 836.0 3122.0 8806.0 17985.0 29547.0 39239.0 49156.0 51976.0 36637.0 18156.0 5329.0 964.0 95.0 4.0 0.0 0.0 0.0 0.0 262144.0 0.0 0.0 0.0 0.0 0.0 0.0 0.0 0.0 0.0 0.0 0.0 0.0 0.0 0.0 0.0 0.0 0.0 0.0 0.0 0.0 0.0 262144.0 0.0 0.0 0.0 0.0 0.0 0.0 0.0 0.0 0.0 0.0 0.0 0.0 0.0 0.0 0.0 0.0 0.0 0.0 0.0 0.0 0.0  
39 PIG 0.0 1.0 20.0 144.0 646.0 2670.0 8095.0 17584.0 29638.0 39220.0 50020.0 51590.0 37067.0 18635.0 5648.0 1053.0 111.0 2.0 0.0 0.0 0.0 0.0 262144.0 0.0 0.0 0.0 0.0 0.0 0.0 0.0 0.0 0.0 0.0 0.0 0.0 0.0 0.0 0.0 0.0 0.0 0.0 0.0 0.0 0.0 262144.0 0.0 0.0 0.0 0.0 0.0 0.0 0.0 0.0 0.0 0.0 0.0 0.0 0.0 0.0 0.0 0.0 0.0 0.0 0.0 0.0 0.0  
40 PIG 1.0 8.0 25.0 132.0 720.0 2929.0 8176.0 17380.0 29084.0 38809.0 49548.0 51449.0 37674.0 19154.0 5873.0 1061.0 118.0 3.0 0.0 0.0 0.0 0.0 262144.0 0.0 0.0 0.0 0.0 0.0 0.0 0.0 0.0 0.0 0.0 0.0 0.0 0.0 0.0 0.0 0.0 0.0 0.0 0.0 0.0 0.0 262144.0 0.0 0.0 0.0 0.0 0.0 0.0 0.0 0.0 0.0 0.0 0.0 0.0 0.0 0.0 0.0 0.0 0.0 0.0 0.0 0.0 0.0  
41 PIG 0.0 7.0 29.0 176.0 967.0 3373.0 8815.0 17973.0 29127.0 38338.0 49037.0 50859.0 36899.0 19102.0 6142.0 1154.0 141.0 5.0 0.0 0.0 0.0 0.0 262144.0 0.0 0.0 0.0 0.0 0.0 0.0 0.0 0.0 0.0 0.0 0.0 0.0 0.0 0.0 0.0 0.0 0.0 0.0 0.0 0.0 0.0 262144.0 0.0 0.0 0.0 0.0 0.0 0.0 0.0 0.0 0.0 0.0 0.0 0.0 0.0 0.0 0.0 0.0 0.0 0.0 0.0 0.0 0.0  
42 PIG 4.0 7.0 29.0 166.0 919.0 3208.0 8313.0 17778.0 29129.0 38684.0 49568.0 50648.0 36943.0 19310.0 6101.0 1187.0 149.0 1.0 0.0 0.0 0.0 0.0 262144.0 0.0 0.0 0.0 0.0 0.0 0.0 0.0 0.0 0.0 0.0 0.0 0.0 0.0 0.0 0.0 0.0 0.0 0.0 0.0 0.0 0.0 262144.0 0.0 0.0 0.0 0.0 0.0 0.0 0.0 0.0 0.0 0.0 0.0 0.0 0.0 0.0 0.0 0.0 0.0 0.0 0.0 0.0 0.0  
43 RAF 0.0 0.0 0.0 0.0 3.0 190.0 1370.0 5701.0 14108.0 24825.0 36148.0 41941.0 39803.0 37726.0 34176.0 22347.0 3768.0 38.0 0.0 0.0 0.0 0.0 262144.0 0.0 0.0 0.0 0.0 0.0 0.0 0.0 0.0 0.0 0.0 0.0 0.0 0.0 0.0 0.0 0.0 0.0 0.0 0.0 0.0 0.0 262144.0 0.0 0.0 0.0 0.0 0.0 0.0 0.0 0.0 0.0 0.0 0.0 0.0 0.0 0.0 0.0 0.0 0.0 0.0 0.0 0.0 0.0  
44 RAF 0.0 0.0 0.0 1.0 18.0 278.0 1372.0 5406.0 13129.0 23880.0 36173.0 42806.0 40620.0 37712.0 33283.0 23365.0 4051.0 50.0 0.0 0.0 0.0 0.0 262144.0 0.0 0.0 0.0 0.0 0.0 0.0 0.0 0.0 0.0 0.0 0.0 0.0 0.0 0.0 0.0 0.0 0.0 0.0 0.0 0.0 0.0 262144.0 0.0 0.0 0.0 0.0 0.0 0.0 0.0 0.0 0.0 0.0 0.0 0.0 0.0 0.0 0.0 0.0 0.0 0.0 0.0 0.0 0.0  
45 RAF 0.0 0.0 0.0 6.0 42.0 453.0 1845.0 6051.0 13839.0 24544.0 35687.0 42493.0 39943.0 36726.0 32624.0 23149.0 4686.0 56.0 0.0 0.0 0.0 0.0 262144.0 0.0 0.0 0.0 0.0 0.0 0.0 0.0 0.0 0.0 0.0 0.0 0.0 0.0 0.0 0.0 0.0 0.0 0.0 0.0 0.0 0.0 262144.0 0.0 0.0 0.0 0.0 0.0 0.0 0.0 0.0 0.0 0.0 0.0 0.0 0.0 0.0 0.0 0.0 0.0 0.0 0.0 0.0 0.0  
46 RAF 0.0 0.0 0.0 1.0 53.0 479.0 2088.0 6355.0 14284.0 25178.0 37013.0 42581.0 39911.0 36681.0 32087.0 21524.0 3837.0 72.0 0.0 0.0 0.0 0.0 262144.0 0.0 0.0 0.0 0.0 0.0 0.0 0.0 0.0 0.0 0.0 0.0 0.0 0.0 0.0 0.0 0.0 0.0 0.0 0.0 0.0 0.0 262144.0 0.0 0.0 0.0 0.0 0.0 0.0 0.0 0.0 0.0 0.0 0.0 0.0 0.0 0.0 0.0 0.0 0.0 0.0 0.0 0.0 0.0  
47 RAF 0.0 0.0 0.0 9.0 90.0 641.0 2394.0 7286.0 15580.0 26092.0 37356.0 41651.0 38933.0 35886.0 32156.0 20757.0 3288.0 25.0 0.0 0.0 0.0 0.0 262144.0 0.0 0.0 0.0 0.0 0.0 0.0 0.0 0.0 0.0 0.0 0.0 0.0 0.0 0.0 0.0 0.0 0.0 0.0 0.0 0.0 0.0 262144.0 0.0 0.0 0.0 0.0 0.0 0.0 0.0 0.0 0.0 0.0 0.0 0.0 0.0 0.0 0.0 0.0 0.0 0.0 0.0 0.0 0.0  
48 RAF 0.0 0.0 1.0 19.0 184.0 874.0 3044.0 8160.0 16493.0 26213.0 36625.0 41358.0 38269.0 35803.0 32018.0 19937.0 3111.0 35.0 0.0 0.0 0.0 0.0 262144.0 0.0 0.0 0.0 0.0 0.0 0.0 0.0 0.0 0.0 0.0 0.0 0.0 0.0 0.0 0.0 0.0 0.0 0.0 0.0 0.0 0.0 262144.0 0.0 0.0 0.0 0.0 0.0 0.0 0.0 0.0 0.0 0.0 0.0 0.0 0.0 0.0 0.0 0.0 0.0 0.0 0.0 0.0 0.0  
49 RAF 0.0 0.0 0.0 9.0 128.0 755.0 3013.0 8438.0 17228.0 27793.0 37191.0 40756.0 37676.0 36205.0 31688.0 18618.0 2611.0 35.0 0.0 0.0 0.0 0.0 262144.0 0.0 0.0 0.0 0.0 0.0 0.0 0.0 0.0 0.0 0.0 0.0 0.0 0.0 0.0 0.0 0.0 0.0 0.0 0.0 0.0 0.0 262144.0 0.0 0.0 0.0 0.0 0.0 0.0 0.0 0.0 0.0 0.0 0.0 0.0 0.0 0.0 0.0 0.0 0.0 0.0 0.0 0.0 0.0  
50 SAN 325.0 331.0 659.0 1298.0 2591.0 4855.0 8320.0 13156.0 20778.0 30743.0 42193.0 53814.0 46111.0 27490.0 8383.0 1054.0 43.0 0.0 0.0 0.0 0.0 0.0 262144.0 0.0 0.0 0.0 0.0 0.0 0.0 0.0 0.0 0.0 0.0 0.0 0.0 0.0 0.0 0.0 0.0 0.0 0.0 0.0 0.0 0.0 262144.0 0.0 0.0 0.0 0.0 0.0 0.0 0.0 0.0 0.0 0.0 0.0 0.0 0.0 0.0 0.0 0.0 0.0 0.0 0.0 0.0 0.0  
51 SAN 382.0 327.0 716.0 1400.0 2532.0 4856.0 8593.0 13629.0 21199.0 31458.0 42876.0 53680.0 45556.0 26239.0 7660.0 996.0 45.0 0.0 0.0 0.0 0.0 0.0 262144.0 0.0 0.0 0.0 0.0 0.0 0.0 0.0 0.0 0.0 0.0 0.0 0.0 0.0 0.0 0.0 0.0 0.0 0.0 0.0 0.0 0.0 262144.0 0.0 0.0 0.0 0.0 0.0 0.0 0.0 0.0 0.0 0.0 0.0 0.0 0.0 0.0 0.0 0.0 0.0 0.0 0.0 0.0 0.0  
52 SAN 326.0 343.0 639.0 1463.0 2714.0 4950.0 8756.0 13544.0 21189.0 30861.0 42244.0 53799.0 46024.0 26407.0 7898.0 942.0 45.0 0.0 0.0 0.0 0.0 0.0 262144.0 0.0 0.0 0.0 0.0 0.0 0.0 0.0 0.0 0.0 0.0 0.0 0.0 0.0 0.0 0.0 0.0 0.0 0.0 0.0 0.0 0.0 262144.0 0.0 0.0 0.0 0.0 0.0 0.0 0.0 0.0 0.0 0.0 0.0 0.0 0.0 0.0 0.0 0.0 0.0 0.0 0.0 0.0 0.0  
53 SAN 405.0 375.0 687.0 1539.0 2843.0 5156.0 8585.0 13724.0 21415.0 31577.0 42706.0 53588.0 45273.0 25765.0 7510.0 945.0 51.0 0.0 0.0 0.0 0.0 0.0 262144.0 0.0 0.0 0.0 0.0 0.0 0.0 0.0 0.0 0.0 0.0 0.0 0.0 0.0 0.0 0.0 0.0 0.0 0.0 0.0 0.0 0.0 262144.0 0.0 0.0 0.0 0.0 0.0 0.0 0.0 0.0 0.0 0.0 0.0 0.0 0.0 0.0 0.0 0.0 0.0 0.0 0.0 0.0 0.0  
54 SAN 251.0 268.0 623.0 1355.0 2601.0 4882.0 8708.0 13792.0 21062.0 31844.0 43643.0 54100.0 45316.0 25479.0 7242.0 935.0 43.0 0.0 0.0 0.0 0.0 0.0 262144.0 0.0 0.0 0.0 0.0 0.0 0.0 0.0 0.0 0.0 0.0 0.0 0.0 0.0 0.0 0.0 0.0 0.0 0.0 0.0 0.0 0.0 262144.0 0.0 0.0 0.0 0.0 0.0 0.0 0.0 0.0 0.0 0.0 0.0 0.0 0.0 0.0 0.0 0.0 0.0 0.0 0.0 0.0 0.0  
55 SAN 288.0 338.0 732.0 1641.0 3112.0 5563.0 9486.0 14817.0 22356.0 32585.0 44594.0 54367.0 43095.0 22595.0 5863.0 674.0 38.0 0.0 0.0 0.0 0.0 0.0 262144.0 0.0 0.0 0.0 0.0 0.0 0.0 0.0 0.0 0.0 0.0 0.0 0.0 0.0 0.0 0.0 0.0 0.0 0.0 0.0 0.0 0.0 262144.0 0.0 0.0 0.0 0.0 0.0 0.0 0.0 0.0 0.0 0.0 0.0 0.0 0.0 0.0 0.0 0.0 0.0 0.0 0.0 0.0 0.0  
56 SAN 165.0 321.0 595.0 1285.0 2667.0 5141.0 8951.0 14330.0 22284.0 33400.0 45193.0 55308.0 43188.0 22969.0 5736.0 586.0 25.0 0.0 0.0 0.0 0.0 0.0 262144.0 0.0 0.0 0.0 0.0 0.0 0.0 0.0 0.0 0.0 0.0 0.0 0.0 0.0 0.0 0.0 0.0 0.0 0.0 0.0 0.0 0.0 262144.0 0.0 0.0 0.0 0.0 0.0 0.0 0.0 0.0 0.0 0.0 0.0 0.0 0.0 0.0 0.0 0.0 0.0 0.0 0.0 0.0 0.0  
57 STR 6205.0 6108.0 8361.0 10194.0 12140.0 14394.0 17334.0 19454.0 22252.0 25159.0 27026.0 29088.0 26684.0 22156.0 12981.0 2569.0 39.0 0.0 0.0 0.0 0.0 0.0 262144.0 0.0 0.0 0.0 0.0 0.0 0.0 0.0 0.0 0.0 0.0 0.0 0.0 0.0 0.0 0.0 0.0 0.0 0.0 0.0 0.0 0.0 262144.0 0.0 0.0 0.0 0.0 0.0 0.0 0.0 0.0 0.0 0.0 0.0 0.0 0.0 0.0 0.0 0.0 0.0 0.0 0.0 0.0 0.0  
58 STR 7614.0 6063.0 8027.0 10036.0 12308.0 15012.0 17463.0 20055.0 22763.0 25686.0 27288.0 29087.0 26041.0 20675.0 11783.0 2235.0 8.0 0.0 0.0 0.0 0.0 0.0 262144.0 0.0 0.0 0.0 0.0 0.0 0.0 0.0 0.0 0.0 0.0 0.0 0.0 0.0 0.0 0.0 0.0 0.0 0.0 0.0 0.0 0.0 262144.0 0.0 0.0 0.0 0.0 0.0 0.0 0.0 0.0 0.0 0.0 0.0 0.0 0.0 0.0 0.0 0.0 0.0 0.0 0.0 0.0 0.0  
59 STR 7932.0 6771.0 8906.0 10962.0 13385.0 15920.0 18054.0 20102.0 22494.0 24585.0 25886.0 26798.0 24099.0 20193.0 12791.0 3219.0 47.0 0.0 0.0 0.0 0.0 0.0 262144.0 0.0 0.0 0.0 0.0 0.0 0.0 0.0 0.0 0.0 0.0 0.0 0.0 0.0 0.0 0.0 0.0 0.0 0.0 0.0 0.0 0.0 262144.0 0.0 0.0 0.0 0.0 0.0 0.0 0.0 0.0 0.0 0.0 0.0 0.0 0.0 0.0 0.0 0.0 0.0 0.0 0.0 0.0 0.0  
60 STR 5433.0 5812.0 8105.0 10353.0 12444.0 14710.0 17287.0 19436.0 21828.0 23809.0 25116.0 28301.0 26458.0 23130.0 15434.0 4417.0 71.0 0.0 0.0 0.0 0.0 0.0 262144.0 0.0 0.0 0.0 0.0 0.0 0.0 0.0 0.0 0.0 0.0 0.0 0.0 0.0 0.0 0.0 0.0 0.0 0.0 0.0 0.0 0.0 262144.0 0.0 0.0 0.0 0.0 0.0 0.0 0.0 0.0 0.0 0.0 0.0 0.0 0.0 0.0 0.0 0.0 0.0 0.0 0.0 0.0 0.0  
61 STR 4605.0 5584.0 8298.0 10539.0 12308.0 15033.0 17875.0 19973.0 22380.0 24591.0 25818.0 28467.0 26326.0 22120.0 14128.0 3951.0 148.0 0.0 0.0 0.0 0.0 0.0 262144.0 0.0 0.0 0.0 0.0 0.0 0.0 0.0 0.0 0.0 0.0 0.0 0.0 0.0 0.0 0.0 0.0 0.0 0.0 0.0 0.0 0.0 262144.0 0.0 0.0 0.0 0.0 0.0 0.0 0.0 0.0 0.0 0.0 0.0 0.0 0.0 0.0 0.0 0.0 0.0 0.0 0.0 0.0 0.0  
62 STR 5543.0 5982.0 8931.0 10905.0 13190.0 15808.0 18211.0 20547.0 23316.0 24699.0 26189.0 27647.0 24937.0 20538.0 12394.0 3232.0 75.0 0.0 0.0 0.0 0.0 0.0 262144.0 0.0 0.0 0.0 0.0 0.0 0.0 0.0 0.0 0.0 0.0 0.0 0.0 0.0 0.0 0.0 0.0 0.0 0.0 0.0 0.0 0.0 262144.0 0.0 0.0 0.0 0.0 0.0 0.0 0.0 0.0 0.0 0.0 0.0 0.0 0.0 0.0 0.0 0.0 0.0 0.0 0.0 0.0 0.0  
63 STR 5606.0 5150.0 7356.0 9631.0 11752.0 14661.0 17568.0 20023.0 23078.0 25989.0 27545.0 29635.0 26860.0 21525.0 12457.0 3244.0 64.0 0.0 0.0 0.0 0.0 0.0 262144.0 0.0 0.0 0.0 0.0 0.0 0.0 0.0 0.0 0.0 0.0 0.0 0.0 0.0 0.0 0.0 0.0 0.0 0.0 0.0 0.0 0.0 262144.0 0.0 0.0 0.0 0.0 0.0 0.0 0.0 0.0 0.0 0.0 0.0 0.0 0.0 0.0 0.0 0.0 0.0 0.0 0.0 0.0 0.0  
64 WAT 0.0 1.0 12.0 70.0 434.0 2047.0 7945.0 21768.0 43226.0 64270.0 69122.0 45229.0 7894.0 126.0 0.0 0.0 0.0 0.0 0.0 0.0 0.0 0.0 262144.0 0.0 0.0 0.0 0.0 0.0 0.0 0.0 0.0 0.0 0.0 0.0 0.0 0.0 0.0 0.0 0.0 0.0 0.0 0.0 0.0 0.0 262144.0 0.0 0.0 0.0 0.0 0.0 0.0 0.0 0.0 0.0 0.0 0.0 0.0 0.0 0.0 0.0 0.0 0.0 0.0 0.0 0.0 0.0  
65 WAT 0.0 0.0 0.0 25.0 352.0 2233.0 8542.0 21647.0 43264.0 63491.0 69057.0 45486.0 7922.0 125.0 0.0 0.0 0.0 0.0 0.0 0.0 0.0 0.0 262144.0 0.0 0.0 0.0 0.0 0.0 0.0 0.0 0.0 0.0 0.0 0.0 0.0 0.0 0.0 0.0 0.0 0.0 0.0 0.0 0.0 0.0 262144.0 0.0 0.0 0.0 0.0 0.0 0.0 0.0 0.0 0.0 0.0 0.0 0.0 0.0 0.0 0.0 0.0 0.0 0.0 0.0 0.0 0.0  
66 WAT 0.0 0.0 2.0 43.0 419.0 1956.0 7589.0 20781.0 41999.0 61010.0 67917.0 50120.0 10154.0 154.0 0.0 0.0 0.0 0.0 0.0 0.0 0.0 0.0 262144.0 0.0 0.0 0.0 0.0 0.0 0.0 0.0 0.0 0.0 0.0 0.0 0.0 0.0 0.0 0.0 0.0 0.0 0.0 0.0 0.0 0.0 262144.0 0.0 0.0 0.0 0.0 0.0 0.0 0.0 0.0 0.0 0.0 0.0 0.0 0.0 0.0 0.0 0.0 0.0 0.0 0.0 0.0 0.0  
67 WAT 0.0 0.0 1.0 43.0 514.0 2301.0 7952.0 20643.0 40861.0 61963.0 67717.0 49606.0 10389.0 154.0 0.0 0.0 0.0 0.0 0.0 0.0 0.0 0.0 262144.0 0.0 0.0 0.0 0.0 0.0 0.0 0.0 0.0 0.0 0.0 0.0 0.0 0.0 0.0 0.0 0.0 0.0 0.0 0.0 0.0 0.0 262144.0 0.0 0.0 0.0 0.0 0.0 0.0 0.0 0.0 0.0 0.0 0.0 0.0 0.0 0.0 0.0 0.0 0.0 0.0 0.0 0.0 0.0  
68 WAT 0.0 0.0 1.0 34.0 291.0 1951.0 8009.0 21613.0 40311.0 58950.0 65802.0 51845.0 13032.0 305.0 0.0 0.0 0.0 0.0 0.0 0.0 0.0 0.0 262144.0 0.0 0.0 0.0 0.0 0.0 0.0 0.0 0.0 0.0 0.0 0.0 0.0 0.0 0.0 0.0 0.0 0.0 0.0 0.0 0.0 0.0 262144.0 0.0 0.0 0.0 0.0 0.0 0.0 0.0 0.0 0.0 0.0 0.0 0.0 0.0 0.0 0.0 0.0 0.0 0.0 0.0 0.0 0.0  
69 WAT 0.0 0.0 0.0 8.0 135.0 1179.0 6156.0 18347.0 37016.0 57483.0 68783.0 56698.0 15731.0 608.0 0.0 0.0 0.0 0.0 0.0 0.0 0.0 0.0 262144.0 0.0 0.0 0.0 0.0 0.0 0.0 0.0 0.0 0.0 0.0 0.0 0.0 0.0 0.0 0.0 0.0 0.0 0.0 0.0 0.0 0.0 262144.0 0.0 0.0 0.0 0.0 0.0 0.0 0.0 0.0 0.0 0.0 0.0 0.0 0.0 0.0 0.0 0.0 0.0 0.0 0.0 0.0 0.0  
70 WAT 0.0 0.0 0.0 1.0 94.0 1159.0 6888.0 19178.0 37372.0 57649.0 68589.0 53803.0 16517.0 894.0 0.0 0.0 0.0 0.0 0.0 0.0 0.0 0.0 262144.0 0.0 0.0 0.0 0.0 0.0 0.0 0.0 0.0 0.0 0.0 0.0 0.0 0.0 0.0 0.0 0.0 0.0 0.0 0.0 0.0 0.0 262144.0 0.0 0.0 0.0 0.0 0.0 0.0 0.0 0.0 0.0 0.0 0.0 0.0 0.0 0.0 0.0 0.0 0.0 0.0 0.0 0.0 0.0  
71 WEA 0.0 0.0 0.0 2.0 23.0 137.0 676.0 2001.0 4401.0 9514.0 17729.0 28035.0 36141.0 39969.0 39146.0 44349.0 35188.0 4833.0 0.0 0.0 0.0 0.0 262144.0 0.0 0.0 0.0 0.0 0.0 0.0 0.0 0.0 0.0 0.0 0.0 0.0 0.0 0.0 0.0 0.0 0.0 0.0 0.0 0.0 0.0 262144.0 0.0 0.0 0.0 0.0 0.0 0.0 0.0 0.0 0.0 0.0 0.0 0.0 0.0 0.0 0.0 0.0 0.0 0.0 0.0 0.0 0.0  
72 WEA 0.0 0.0 0.0 0.0 9.0 92.0 489.0 1566.0 3891.0 9140.0 16989.0 28108.0 35876.0 40254.0 39340.0 43951.0 36257.0 6181.0 1.0 0.0 0.0 0.0 262144.0 0.0 0.0 0.0 0.0 0.0 0.0 0.0 0.0 0.0 0.0 0.0 0.0 0.0 0.0 0.0 0.0 0.0 0.0 0.0 0.0 0.0 262144.0 0.0 0.0 0.0 0.0 0.0 0.0 0.0 0.0 0.0 0.0 0.0 0.0 0.0 0.0 0.0 0.0 0.0 0.0 0.0 0.0 0.0  
73 WEA 0.0 0.0 0.0 4.0 17.0 127.0 609.0 1765.0 4252.0 9496.0 17305.0 28497.0 36133.0 40095.0 39516.0 44595.0 34318.0 5415.0 0.0 0.0 0.0 0.0 262144.0 0.0 0.0 0.0 0.0 0.0 0.0 0.0 0.0 0.0 0.0 0.0 0.0 0.0 0.0 0.0 0.0 0.0 0.0 0.0 0.0 0.0 262144.0 0.0 0.0 0.0 0.0 0.0 0.0 0.0 0.0 0.0 0.0 0.0 0.0 0.0 0.0 0.0 0.0 0.0 0.0 0.0 0.0 0.0  
74 WEA 0.0 0.0 1.0 2.0 28.0 178.0 654.0 1965.0 4573.0 9814.0 17959.0 29040.0 36009.0 40130.0 39040.0 43921.0 33139.0 5687.0 4.0 0.0 0.0 0.0 262144.0 0.0 0.0 0.0 0.0 0.0 0.0 0.0 0.0 0.0 0.0 0.0 0.0 0.0 0.0 0.0 0.0 0.0 0.0 0.0 0.0 0.0 262144.0 0.0 0.0 0.0 0.0 0.0 0.0 0.0 0.0 0.0 0.0 0.0 0.0 0.0 0.0 0.0 0.0 0.0 0.0 0.0 0.0 0.0  
75 WEA 0.0 0.0 1.0 8.0 41.0 232.0 794.0 2121.0 4860.0 10460.0 19139.0 29904.0 36668.0 39700.0 39162.0 44355.0 31070.0 3629.0 0.0 0.0 0.0 0.0 262144.0 0.0 0.0 0.0 0.0 0.0 0.0 0.0 0.0 0.0 0.0 0.0 0.0 0.0 0.0 0.0 0.0 0.0 0.0 0.0 0.0 0.0 262144.0 0.0 0.0 0.0 0.0 0.0 0.0 0.0 0.0 0.0 0.0 0.0 0.0 0.0 0.0 0.0 0.0 0.0 0.0 0.0 0.0 0.0  
76 WEA 0.0 0.0 1.0 10.0 43.0 213.0 682.0 2107.0 4797.0 10174.0 18876.0 29512.0 36322.0 39754.0 39319.0 44919.0 31822.0 3589.0 3.0 1.0 0.0 0.0 262144.0 0.0 0.0 0.0 0.0 0.0 0.0 0.0 0.0 0.0 0.0 0.0 0.0 0.0 0.0 0.0 0.0 0.0 0.0 0.0 0.0 0.0 262144.0 0.0 0.0 0.0 0.0 0.0 0.0 0.0 0.0 0.0 0.0 0.0 0.0 0.0 0.0 0.0 0.0 0.0 0.0 0.0 0.0 0.0  
77 WEA 0.0 0.0 1.0 8.0 36.0 204.0 837.0 2331.0 5321.0 10988.0 19979.0 30524.0 36992.0 39578.0 39399.0 44781.0 28717.0 2448.0 0.0 0.0 0.0 0.0 262144.0 0.0 0.0 0.0 0.0 0.0 0.0 0.0 0.0 0.0 0.0 0.0 0.0 0.0 0.0 0.0 0.0 0.0 0.0 0.0 0.0 0.0 262144.0 0.0 0.0 0.0 0.0 0.0 0.0 0.0 0.0 0.0 0.0 0.0 0.0 0.0 0.0 0.0 0.0 0.0 0.0 0.0 0.0 0.0  
78 WOL 0.0 0.0 1.0 34.0 234.0 1090.0 3889.0 9084.0 18383.0 30120.0 40632.0 48527.0 42767.0 32949.0 21182.0 9674.0 3139.0 439.0 0.0 0.0 0.0 0.0 262144.0 0.0 0.0 0.0 0.0 0.0 0.0 0.0 0.0 0.0 0.0 0.0 0.0 0.0 0.0 0.0 0.0 0.0 0.0 0.0 0.0 0.0 262144.0 0.0 0.0 0.0 0.0 0.0 0.0 0.0 0.0 0.0 0.0 0.0 0.0 0.0 0.0 0.0 0.0 0.0 0.0 0.0 0.0 0.0  
79 WOL 0.0 4.0 19.0 85.0 333.0 1301.0 4188.0 9732.0 19159.0 30349.0 40607.0 48074.0 42453.0 32578.0 20748.0 9369.0 2818.0 327.0 0.0 0.0 0.0 0.0 262144.0 0.0 0.0 0.0 0.0 0.0 0.0 0.0 0.0 0.0 0.0 0.0 0.0 0.0 0.0 0.0 0.0 0.0 0.0 0.0 0.0 0.0 262144.0 0.0 0.0 0.0 0.0 0.0 0.0 0.0 0.0 0.0 0.0 0.0 0.0 0.0 0.0 0.0 0.0 0.0 0.0 0.0 0.0 0.0  
80 WOL 0.0 0.0 11.0 81.0 418.0 1476.0 4618.0 10350.0 20121.0 31088.0 40812.0 48197.0 41689.0 31687.0 19653.0 9016.0 2649.0 278.0 0.0 0.0 0.0 0.0 262144.0 0.0 0.0 0.0 0.0 0.0 0.0 0.0 0.0 0.0 0.0 0.0 0.0 0.0 0.0 0.0 0.0 0.0 0.0 0.0 0.0 0.0 262144.0 0.0 0.0 0.0 0.0 0.0 0.0 0.0 0.0 0.0 0.0 0.0 0.0 0.0 0.0 0.0 0.0 0.0 0.0 0.0 0.0 0.0  
81 WOL 0.0 4.0 25.0 145.0 581.0 1904.0 4998.0 11212.0 21076.0 32255.0 41499.0 47865.0 40676.0 30479.0 18676.0 8103.0 2359.0 287.0 0.0 0.0 0.0 0.0 262144.0 0.0 0.0 0.0 0.0 0.0 0.0 0.0 0.0 0.0 0.0 0.0 0.0 0.0 0.0 0.0 0.0 0.0 0.0 0.0 0.0 0.0 262144.0 0.0 0.0 0.0 0.0 0.0 0.0 0.0 0.0 0.0 0.0 0.0 0.0 0.0 0.0 0.0 0.0 0.0 0.0 0.0 0.0 0.0  
82 WOL 4.0 22.0 103.0 360.0 1091.0 3070.0 7379.0 14851.0 25051.0 35701.0 43289.0 47244.0 36679.0 26069.0 14563.0 5506.0 1136.0 26.0 0.0 0.0 0.0 0.0 262144.0 0.0 0.0 0.0 0.0 0.0 0.0 0.0 0.0 0.0 0.0 0.0 0.0 0.0 0.0 0.0 0.0 0.0 0.0 0.0 0.0 0.0 262144.0 0.0 0.0 0.0 0.0 0.0 0.0 0.0 0.0 0.0 0.0 0.0 0.0 0.0 0.0 0.0 0.0 0.0 0.0 0.0 0.0 0.0  
83 WOL 0.0 3.0 48.0 292.0 849.0 2577.0 6535.0 13225.0 23548.0 34024.0 42785.0 47679.0 38702.0 28043.0 16115.0 6228.0 1429.0 62.0 0.0 0.0 0.0 0.0 262144.0 0.0 0.0 0.0 0.0 0.0 0.0 0.0 0.0 0.0 0.0 0.0 0.0 0.0 0.0 0.0 0.0 0.0 0.0 0.0 0.0 0.0 262144.0 0.0 0.0 0.0 0.0 0.0 0.0 0.0 0.0 0.0 0.0 0.0 0.0 0.0 0.0 0.0 0.0 0.0 0.0 0.0 0.0 0.0  
84 WOL 0.0 5.0 46.0 200.0 716.0 2416.0 6477.0 13520.0 23334.0 34412.0 43483.0 47954.0 38564.0 27526.0 15763.0 6304.0 1369.0 55.0 0.0 0.0 0.0 0.0 262144.0 0.0 0.0 0.0 0.0 0.0 0.0 0.0 0.0 0.0 0.0 0.0 0.0 0.0 0.0 0.0 0.0 0.0 0.0 0.0 0.0 0.0 262144.0 0.0 0.0 0.0 0.0 0.0 0.0 0.0 0.0 0.0 0.0 0.0 0.0 0.0 0.0 0.0 0.0 0.0 0.0 0.0 0.0 0.0  
85 WOO 0.0 0.0 0.0 0.0 0.0 1.0 126.0 912.0 2656.0 5405.0 8604.0 11395.0 16830.0 31687.0 58994.0 81448.0 41065.0 3021.0 0.0 0.0 0.0 0.0 262144.0 0.0 0.0 0.0 0.0 0.0 0.0 0.0 0.0 0.0 0.0 0.0 0.0 0.0 0.0 0.0 0.0 0.0 0.0 0.0 0.0 0.0 262144.0 0.0 0.0 0.0 0.0 0.0 0.0 0.0 0.0 0.0 0.0 0.0 0.0 0.0 0.0 0.0 0.0 0.0 0.0 0.0 0.0 0.0  
86 WOO 0.0 0.0 0.0 0.0 0.0 5.0 176.0 1162.0 3450.0 5926.0 8585.0 11533.0 17600.0 34422.0 60979.0 76766.0 38657.0 2883.0 0.0 0.0 0.0 0.0 262144.0 0.0 0.0 0.0 0.0 0.0 0.0 0.0 0.0 0.0 0.0 0.0 0.0 0.0 0.0 0.0 0.0 0.0 0.0 0.0 0.0 0.0 262144.0 0.0 0.0 0.0 0.0 0.0 0.0 0.0 0.0 0.0 0.0 0.0 0.0 0.0 0.0 0.0 0.0 0.0 0.0 0.0 0.0 0.0  
87 WOO 0.0 0.0 0.0 0.0 0.0 31.0 349.0 1575.0 3804.0 6519.0 8335.0 11313.0 17600.0 33471.0 59075.0 79181.0 38175.0 2716.0 0.0 0.0 0.0 0.0 262144.0 0.0 0.0 0.0 0.0 0.0 0.0 0.0 0.0 0.0 0.0 0.0 0.0 0.0 0.0 0.0 0.0 0.0 0.0 0.0 0.0 0.0 262144.0 0.0 0.0 0.0 0.0 0.0 0.0 0.0 0.0 0.0 0.0 0.0 0.0 0.0 0.0 0.0 0.0 0.0 0.0 0.0 0.0 0.0  
88 WOO 0.0 0.0 0.0 0.0 0.0 25.0 300.0 1507.0 4254.0 6459.0 8253.0 11722.0 17664.0 32935.0 59880.0 80753.0 35614.0 2778.0 0.0 0.0 0.0 0.0 262144.0 0.0 0.0 0.0 0.0 0.0 0.0 0.0 0.0 0.0 0.0 0.0 0.0 0.0 0.0 0.0 0.0 0.0 0.0 0.0 0.0 0.0 262144.0 0.0 0.0 0.0 0.0 0.0 0.0 0.0 0.0 0.0 0.0 0.0 0.0 0.0 0.0 0.0 0.0 0.0 0.0 0.0 0.0 0.0  
89 WOO 0.0 0.0 0.0 0.0 2.0 46.0 418.0 1870.0 4217.0 6588.0 8415.0 11275.0 17803.0 34876.0 62412.0 79076.0 33097.0 2049.0 0.0 0.0 0.0 0.0 262144.0 0.0 0.0 0.0 0.0 0.0 0.0 0.0 0.0 0.0 0.0 0.0 0.0 0.0 0.0 0.0 0.0 0.0 0.0 0.0 0.0 0.0 262144.0 0.0 0.0 0.0 0.0 0.0 0.0 0.0 0.0 0.0 0.0 0.0 0.0 0.0 0.0 0.0 0.0 0.0 0.0 0.0 0.0 0.0  
90 WOO 0.0 0.0 0.0 0.0 3.0 83.0 603.0 2122.0 4051.0 6424.0 8838.0 12691.0 19695.0 36863.0 64759.0 79196.0 25905.0 911.0 0.0 0.0 0.0 0.0 262144.0 0.0 0.0 0.0 0.0 0.0 0.0 0.0 0.0 0.0 0.0 0.0 0.0 0.0 0.0 0.0 0.0 0.0 0.0 0.0 0.0 0.0 262144.0 0.0 0.0 0.0 0.0 0.0 0.0 0.0 0.0 0.0 0.0 0.0 0.0 0.0 0.0 0.0 0.0 0.0 0.0 0.0 0.0 0.0  
91 WOO 0.0 0.0 0.0 0.0 3.0 61.0 544.0 2238.0 4339.0 6422.0 9062.0 12929.0 19750.0 37083.0 65826.0 78450.0 24769.0 668.0 0.0 0.0 0.0 0.0 262144.0 0.0 0.0 0.0 0.0 0.0 0.0 0.0 0.0 0.0 0.0 0.0 0.0 0.0 0.0 0.0 0.0 0.0 0.0 0.0 0.0 0.0 262144.0 0.0 0.0 0.0 0.0 0.0 0.0 0.0 0.0 0.0 0.0 0.0 0.0 0.0 0.0 0.0 0.0 0.0 0.0 0.0 0.0 0.0  
