91 13 14 
1 BAR 0.01853031421387641 5.065952301025391 298421.7183726779 3.0776008150163145E13 0.5139659585354648 42.26578712463379 89.90539894376342 3.408471464608806 4.645254317200713 2.8660366253431775 1.623589653441587 -0.30134055910032587 0.8951694090547055 1.0249354278488334 
2 BAR 0.018202323358309513 4.685403823852539 304404.0357005189 3.0763911192859727E13 0.516930051688922 42.24946212768555 86.01401648797827 3.410086312514393 4.636189689207262 2.6124030863536243 1.5955247038653988 -0.3063957368614623 0.898371946682044 1.0351835901168442 
3 BAR 0.018425216266678035 4.690896034240723 301715.2031520158 3.0842506557341754E13 0.5187186429792542 42.30640506744385 85.25027509633345 3.4061200224632917 4.630239565544839 2.6301512809243572 1.5936694071571935 -0.3058157560944777 0.897742323187367 1.027373812074813 
4 BAR 0.018890094357175258 4.755248069763184 295600.42216746864 3.1118162789536254E13 0.5209533797150606 42.492547035217285 84.87228101321405 3.392394397567778 4.613362890548489 2.6928412928771706 1.596209010337232 -0.3035352395984845 0.895492645266351 1.0351613969960498 
5 BAR 0.01807091711407338 5.0069169998168945 308839.8668393829 3.0642850829679492E13 0.5150577971208965 42.171936988830566 90.93696669120192 3.424482485506378 4.662978284050218 2.839020261819729 1.6163036702665792 -0.30462646158194906 0.8981621218526789 1.0348454126132514 
6 BAR 0.017704236458939704 4.76011848449707 310631.96013125085 3.0784727920229633E13 0.5134714671972941 42.26544761657715 84.26918299528286 3.415838696329272 4.658604866377967 2.6379196606139734 1.6046875238479517 -0.302466533870793 0.8964811348880727 1.0543061384494918 
7 BAR 0.018622825995862513 4.40374755859375 304965.1886963198 3.124149694617468E13 0.5230328730843199 42.57992172241211 82.67472797102228 3.4012437087326894 4.6111090411886595 2.4372548824858598 1.5757918090647804 -0.3107625742038533 0.9004083847475067 1.046249019307827 
8 BRI 0.043012293611354835 1.676518440246582 184478.27964493705 3.747887115995856E13 0.6705426821457667 46.63926601409912 29.605884516038902 2.94068480112356 3.7333198678619346 1.0339585764810706 1.1843030546601594 -0.37197674505629 0.9019243364458257 1.1351889037109717 
9 BRI 0.04108451975389471 1.7463245391845703 188442.31655490858 3.69918024305258E13 0.6655788915979788 46.33475303649902 30.744044615802324 2.9681733762038145 3.7737856159335426 1.078537815486906 1.192312591913603 -0.3711065689545219 0.9032856204861173 1.1023446564214003 
10 BRI 0.04052631847889643 1.7656993865966797 189389.99018070934 3.706843672113759E13 0.6643246156597703 46.38188362121582 29.834205522812276 2.9662442952609833 3.7778155477745936 1.0903363873275496 1.195304754954898 -0.36750862440608906 0.9013728487194006 1.075004043098442 
11 BRI 0.03861978889835882 1.8237571716308594 189425.6486776257 3.667847446187244E13 0.6592692920579604 46.13776206970215 28.707664428106195 2.966146412524713 3.8024674510387992 1.122203183373479 1.2070825640670468 -0.35742733062897275 0.8964524680338716 1.133036937510298 
12 BRI 0.04117690180964928 1.7421417236328125 182653.08615020724 3.695451052928269E13 0.6628226572655191 46.30873107910156 28.583164675296796 2.9534961361236336 3.767961637589084 1.0658522478311454 1.1938926674309032 -0.36267846199080345 0.8980354060867325 1.091242582184728 
13 BRI 0.0426659155696143 1.6784381866455078 176451.26342780335 3.688863082872624E13 0.664639658048064 46.26959991455078 27.476808779202155 2.9311263951204354 3.735073361169423 1.018529524460712 1.1858861267046208 -0.36218440338304697 0.8961773336053909 1.122682401599586 
14 BRI 0.04156255027282896 1.7300443649291992 170545.33042305743 3.6212681670837945E13 0.6540567411558416 45.84288311004639 28.327734431022648 2.9387139911350673 3.76887992011298 1.0256252189027348 1.2011018834205862 -0.3509662590344683 0.890792162674325 1.1331532159388211 
15 BUB 0.010802411891745578 6.984706878662109 376012.5181820652 2.0510250461291113E13 0.48516284212356636 34.50644302368164 130.37942506578634 3.6515173542375954 5.025100173210337 4.044075051530376 1.7461553786550714 -0.30227501887525443 0.9094221869087148 1.0786723668924902 
16 BUB 0.01161775243053853 5.23104190826416 348431.90476847714 2.23451133571558E13 0.5055928306888725 36.01193141937256 103.18676564028999 3.584416700035801 4.898678799572319 2.9450771881638915 1.6340805324387064 -0.31223348829376235 0.9116517118865753 1.07035607615996 
17 BUB 0.01150352421154821 5.842398643493652 365139.1395681162 2.1642471748419637E13 0.502857839926219 35.44248104095459 117.99366436924373 3.617076173755878 4.9388668233804065 3.375772911098839 1.670156620089019 -0.31514689929041523 0.9148117370393565 1.0759918288554793 
18 BUB 0.012641220968816924 8.222410202026367 354723.1409285714 1.851199010353787E13 0.4821321482674234 32.77861022949219 158.8884479686584 3.6614871008137984 5.03902400606805 4.891150584614055 1.8082490689274202 -0.3024589933856899 0.9100045353829076 1.053491518178311 
19 BUB 0.010941749152607372 6.232173919677734 361841.2713722672 2.081103865718965E13 0.49025991004708236 34.757951736450195 120.71541310029731 3.6313351324517478 4.987654703578275 3.541724140952507 1.7056961094767957 -0.3051947504836655 0.9100955868362794 1.0559356779673872 
20 BUB 0.011227933935060719 5.900687217712402 358023.9866910823 2.1334946603856047E13 0.4967941841121322 35.19666004180908 116.3772927923541 3.61781719814431 4.954023072420171 3.364232911275637 1.6797502738816164 -0.30974897004025487 0.9119185619925003 1.0613790697253405 
21 BUB 0.011055302918066445 7.52372932434082 367245.3992023473 1.915564422152679E13 0.4780417059347708 33.34130859375 143.36359040609068 3.6686264362098124 5.050100105756839 4.3376277058869475 1.7839348281006153 -0.3006181463565926 0.9091519944704761 1.0526394856151093 
22 GRA 0.010207543650722073 22.675968170166016 339416.53793870984 2.2420717997857543E13 0.3645349425675504 36.06967544555664 173.84260325205983 3.6206201174679573 5.279727982243838 12.908705351608507 2.2636992100545816 -0.17154354530154473 0.7847945907675973 1.1207305513438552 
23 GRA 0.01028360187274302 22.646595001220703 339464.30358818045 2.250949531578269E13 0.36569547159055754 36.14933776855469 174.1857917912998 3.6181677270126773 5.2765627808914335 12.948422087119393 2.2600976858079034 -0.17129029145790717 0.7842634100666853 1.1208473983240905 
24 GRA 0.010744364834863518 24.264619827270508 331759.9942412541 2.1929129407319484E13 0.36430060037351986 35.67611312866211 181.93446869229425 3.626133753354817 5.287488683299665 13.944304119597094 2.2884958971177376 -0.16852010467536113 0.78042922421064 1.1194467183837644 
25 GRA 0.008428531088611635 15.51558780670166 372337.002123945 2.56342790842561E13 0.36413277511440206 38.57175540924072 121.80831859886922 3.5740722383665253 5.286378237562305 8.283260528001387 2.1205199555128753 -0.16924155431740795 0.7815129106121544 1.1121222120064997 
26 GRA 0.008456249227492663 16.574382781982422 371719.63502058317 2.5094603670987625E13 0.3632632411267933 38.16304016113281 129.74914218581034 3.584288644245571 5.294590414799831 8.953589946754722 2.1464428476843005 -0.16871301590182033 0.7810483593175368 1.1152247061558058 
27 GRA 0.00852999604830984 16.15425968170166 371956.6182368161 2.4918459996515332E13 0.365910645275435 38.02952289581299 130.384307958457 3.5856687210822313 5.2857574789850945 8.722631370862985 2.135679070674298 -0.1726718013676301 0.786793255702254 1.1137260728680345 
28 GRA 0.008718524888081447 17.123427391052246 368678.5612211355 2.455441508210733E13 0.36494913951954844 37.751715660095215 138.73884188195785 3.5933097067587325 5.284338203752481 9.32184163012055 2.1594302230441182 -0.17373646870737966 0.7883517105982234 1.1168612554222326 
29 LEA 0.007674561155454285 7.310964584350586 345510.1202131249 2.45353987999906E13 0.3799456592880533 37.73616027832031 66.20165112955779 3.4598638062797673 5.104303294351168 3.077044333123688 1.8299791835204042 -0.1844453201610735 0.7960256789203323 0.9980089304088878 
30 LEA 0.007286290592219302 8.096986770629883 361355.5420335183 2.3975268086371754E13 0.3735402861565095 37.30267333984375 72.9084932046085 3.4998990457639456 5.178604561072631 3.509219738510546 1.8728957859542257 -0.18201487903474278 0.7958896487949464 0.9857088087016277 
31 LEA 0.006907992594278767 8.997604370117188 378824.7651712318 2.3606162070416797E13 0.3683891994220423 37.01541328430176 81.13793809054715 3.53761614126745 5.24615445171682 4.012876623503607 1.9179290379404892 -0.17975513027539217 0.7956137956275633 0.98550339634014 
32 LEA 0.006566340648987534 9.499801635742188 392682.24409003585 2.323276678273414E13 0.3610602850253815 36.72130012512207 84.80314625313378 3.562347361587922 5.300553248862631 4.207912487202862 1.9436787604900692 -0.1768635147717269 0.7937529982449398 0.9608296769739221 
33 LEA 0.006722984900534357 9.423002243041992 384054.17800239177 2.323255500741861E13 0.3619359520582276 36.72229766845703 82.39236351423024 3.552176419291346 5.282223321525792 4.210120757097675 1.935928472884444 -0.17680606879761487 0.7928646141501542 0.9908708635899597 
34 LEA 0.007166361232066265 8.24630355834961 365791.59907299647 2.3661229364549805E13 0.37278144274220626 37.055397033691406 75.40268857734748 3.515771752352972 5.200193298336467 3.602223403148201 1.8796055824276559 -0.18371415342804873 0.7992784644343757 0.9776488974987431 
35 LEA 0.0074342047792015364 7.596302032470703 352267.37977432774 2.4046675084668883E13 0.3764603265336505 37.35694122314453 68.05124377472362 3.47396640232521 5.1345491464891015 3.225625562034656 1.84558849116501 -0.18278076219352543 0.7950146480715143 0.9974842415533158 
36 PIG 0.03871696997930485 1.4164457321166992 153267.4398396003 3.487981779326758E13 0.637768752477049 44.9925012588501 16.439357535313153 2.7774873667968594 3.6234522843653663 0.724628372856991 1.1503738709423308 -0.296967168476151 0.8427682184713658 1.0555943169187247 
37 PIG 0.038050829613894166 1.4537429809570312 155068.60646721697 3.472446916273634E13 0.6334467445366402 44.89125442504883 17.132152612062697 2.792595334989102 3.648079192748306 0.7400221780016042 1.160345448205316 -0.29701901538725545 0.8442524355351684 1.0503337672070225 
38 PIG 0.039692924076916825 1.372889518737793 153230.17502924238 3.532055748865094E13 0.6416567407708156 45.275010108947754 16.361657267543137 2.771182611907878 3.6017683881986478 0.7027390178246887 1.1396757551819479 -0.30159833353229976 0.8454226355266882 1.0304202904691284 
39 PIG 0.040419369263872795 1.3282747268676758 151719.13255773278 3.5477196651882414E13 0.6458426728726087 45.376606941223145 15.656336419853574 2.755479241867303 3.5745509840261853 0.6806613115722834 1.127300575134932 -0.3023121775148783 0.8444153551132006 1.0385854536030061 
40 PIG 0.040192969718646054 1.3379039764404297 153021.14061420495 3.551026070526442E13 0.645344361338368 45.39648628234863 16.008448263200226 2.7636874564516196 3.584544360108929 0.6870076204720661 1.1289466664774686 -0.30377935804004785 0.8462342760663775 1.0336958033437544 
41 PIG 0.038881697319084196 1.404062271118164 156248.59444727266 3.539344550776965E13 0.6395697104334115 45.32281303405762 16.739422382542475 2.784570711194103 3.625286287176454 0.7206634490803483 1.147250742955282 -0.30106585245154033 0.846351195235197 1.0653979077373892 
42 PIG 0.03930642667319262 1.3678789138793945 155643.30026324498 3.544786952923878E13 0.6430437845645867 45.356356620788574 16.517008873776902 2.7794121549200757 3.6081796515687405 0.7035233812266733 1.1372296366427934 -0.3045749763844633 0.8482796398597544 1.0493673275163584 
43 RAF 0.04269988131818536 1.1516923904418945 177613.64212316734 4.043670751022998E13 0.6796607124815657 48.44485950469971 15.509661946813432 2.728971016332898 3.4823206616983007 0.6322616977822422 1.087009326239843 -0.3297647101615033 0.8607725563673256 1.0117406070206953 
44 RAF 0.04367348723644682 1.1096649169921875 176463.50849909126 4.054563910418769E13 0.6843156667856067 48.51138114929199 15.375096404321546 2.7275976690480914 3.46431320860666 0.6115542976848825 1.0707794764090592 -0.3362934863434348 0.8645499606886642 1.0089161450947315 
45 RAF 0.042190343218862836 1.133636474609375 181396.4855884305 4.0398961325384516E13 0.6816835303094899 48.42221260070801 16.25333349840591 2.75494598395311 3.502747731955381 0.6237118220423423 1.0789049854468697 -0.3387213087807044 0.8685083463703808 1.0036334649222745 
46 RAF 0.04189930106349493 1.1492853164672852 180420.32622042496 4.017648721207235E13 0.6798732541548358 48.29007434844971 16.252313141276243 2.7550938597543277 3.511564422961973 0.6312661233411616 1.086058738330614 -0.3353162021261437 0.8665534194390908 1.0211544007289906 
47 RAF 0.040959339208711754 1.1981010437011719 183394.5628402046 3.990885554129143E13 0.6763665544291325 48.12888145446777 16.885555044366463 2.7718177516327716 3.539979370974002 0.6610213676996806 1.098031021975369 -0.334220975856345 0.8673657869313214 1.027826529842657 
48 RAF 0.03977235107959132 1.265981674194336 186496.60928974047 3.969723623885906E13 0.6704799545687424 48.00075912475586 17.7383858344264 2.793236353075258 3.5820869403690447 0.6982308334882649 1.118782734083431 -0.33097004558807797 0.8673509021594883 1.007375703230455 
49 RAF 0.03961067254795125 1.2659940719604492 185998.8272557677 3.9530867091482805E13 0.670141038695218 47.89964008331299 17.565903451373007 2.7895012249499387 3.5769427387056316 0.6975593697859641 1.1181076777299443 -0.3302991624015332 0.8665718684931427 1.021374997128295 
50 SAN 0.04126580326919793 1.9912614822387695 157632.13346602998 3.594758905037043E13 0.6320988994392185 45.67708492279053 24.116910595624233 2.83730185635199 3.7387399672392587 1.154645631759445 1.2629336010666241 -0.29234681566285475 0.8454457526031426 1.0368069131596913 
51 SAN 0.04081903443511692 2.0531816482543945 157812.03400539284 3.577640252451617E13 0.6296169557963409 45.56819248199463 24.541669069978056 2.842434141781281 3.7520220249657665 1.195649186865207 1.2724613002581753 -0.29012012551239685 0.8442676714942142 1.1078121637618217 
52 SAN 0.04098548515366929 2.056462287902832 157934.6775683065 3.5795075171674914E13 0.6295475750517825 45.57810688018799 24.473608036218142 2.843261934546343 3.7533623173697013 1.1972131869589553 1.2737551306692936 -0.2903484048745434 0.8445420421943787 1.0494070201366188 
53 SAN 0.04044540007498654 2.1097793579101562 158448.36008845718 3.5655286275978336E13 0.6271796632943584 45.49098777770996 25.25994379968135 2.851222065285966 3.768810913797274 1.2320619277283997 1.2803673235278288 -0.2891598152613817 0.8443778377479038 1.091878900957973 
54 SAN 0.04090401316534553 2.0225448608398438 156257.77109255272 3.576229674343882E13 0.628921356586135 45.559614181518555 23.30605573015306 2.8324738799273326 3.7453659358095464 1.167598269829212 1.269376578951929 -0.28610643279598813 0.840358219223034 1.053961519375479 
55 SAN 0.040093005427024764 2.1032981872558594 157310.0433238934 3.526606528704264E13 0.6247726502560073 45.24198341369629 24.603971317802102 2.853742399981622 3.7793644883548643 1.2148898778101374 1.2839511796657115 -0.2864543652545659 0.8425965097920253 1.0477224746216236 
56 SAN 0.04172784686215891 1.9193239212036133 153625.65696156266 3.547354496707352E13 0.6332513068877842 45.373976707458496 22.49130012693664 2.824402382173893 3.721917303741767 1.0997943260467964 1.2543445297082727 -0.29070366561731037 0.8430640945079264 1.0395583390637277 
57 STR 0.013473450454966951 7.440976142883301 331419.6961465173 2.905037426481737E13 0.46158662027409497 41.05577564239502 92.863487673575 3.4648771950445028 4.903142318335149 4.116117845274606 1.7938648687237022 -0.24379428474627768 0.8574101719043549 1.0208749815762626 
58 STR 0.012981066987322265 7.853303909301758 332485.90926538914 2.8593024431243395E13 0.45733641911850087 40.73403358459473 97.25681200944483 3.475807586255623 4.922470002821064 4.370431035724592 1.8141921432711394 -0.24166207509617046 0.856119080310591 1.0527233965642808 
59 STR 0.011918218081518717 8.073676109313965 363253.4465038575 2.808222160918559E13 0.4539348696215537 40.36587429046631 101.68969606197157 3.51856934108803 4.999527710813235 4.482578956330992 1.8272375820459088 -0.24164455668578258 0.859286498366691 1.0366573868933602 
60 STR 0.012475695830289624 7.866176605224609 342624.4898394564 2.94673660182022E13 0.4456266232393785 41.350534439086914 90.27664384500325 3.4653688609958175 4.962341035604351 4.228178244971003 1.8286815912104033 -0.2260659802002389 0.8416036092017102 0.9993542317684352 
61 STR 0.012066094329384214 7.780730247497559 339624.77697992645 2.9459333533743254E13 0.4420533374647303 41.341423988342285 85.29228801115899 3.4560605017113866 4.968826131688024 4.1045926459551945 1.832902099855783 -0.2194240253296332 0.8344898852583721 0.9908831417360302 
62 STR 0.012188816433990723 7.178365707397461 349142.163745944 2.8712505742392566E13 0.4542854956910152 40.816585540771484 90.11661765676259 3.4817153996429036 4.952359591160363 3.8464785200776426 1.7898739830294172 -0.23912271180065264 0.8548366791265566 1.0073261629078734 
63 STR 0.013555396697938704 6.416264533996582 323173.55665966065 2.945354558533637E13 0.46953154613473547 41.34133815765381 87.62639563475389 3.4397271701015644 4.841101008761038 3.4494652817024702 1.7455297912009302 -0.25151658013882483 0.8622224775531757 1.0431717568442915 
64 WAT 0.06228657798237691 0.9112396240234375 100639.50348308102 3.3114138297931348E13 0.694246533302773 43.83856964111328 9.193628676015662 2.4634338141946563 3.109697822174048 0.47913136949941093 0.992386717510635 -0.2994918223873938 0.811381255234569 1.0356989469031792 
65 WAT 0.062022960717058595 0.9399633407592773 101217.88589282044 3.3093582167459145E13 0.6938232854544804 43.825480461120605 9.250046866764192 2.4677831834800106 3.1266334646931906 0.5010873223607477 1.0021004900658317 -0.2946350584103217 0.8081854756452392 1.0275168570419673 
66 WAT 0.06060122179223981 0.9945201873779297 102634.33982708391 3.3356672780791375E13 0.6887379533801057 43.99894714355469 9.305768274250637 2.468045926365032 3.1512614439395543 0.532382742935673 1.0240544623213708 -0.28365155129725406 0.7996464895930447 1.0370216142967532 
67 WAT 0.05868423883748619 1.0413837432861328 103254.5171926502 3.3321007400890297E13 0.6790914905935769 43.97626876831055 9.50953767075328 2.4777296579568273 3.1831825779432705 0.545694090790656 1.0447372243900843 -0.27618753372424193 0.7946865493383947 1.0437009295594128 
68 WAT 0.05783785325547797 1.026057243347168 106207.57542894382 3.3468496985958562E13 0.6814387724401608 44.073187828063965 9.693662146143458 2.491944149767465 3.190508979000015 0.539831330444664 1.0344456527955284 -0.282810706285469 0.8016804963317041 1.0258117053051532 
69 WAT 0.06384896846202537 0.9156665802001953 102654.55130100557 3.3984725715189984E13 0.6990530653164325 44.41230392456055 8.980369480354456 2.453129720375988 3.099375439503702 0.4934283110179476 0.9941128706686029 -0.2970512303122243 0.8084112013550583 1.026466074401352 
70 WAT 0.062054589185663644 0.8998985290527344 104684.4496697983 3.390186083670928E13 0.6972220994768101 44.357276916503906 9.226771189491997 2.4732253792811805 3.114726029566307 0.4768033937620675 0.9870646190488765 -0.30416521976781785 0.8159227187521841 1.0228670161570543 
71 WEA 0.04423908514536379 1.507643699645996 173218.68704989663 4.4923908779251055E13 0.6291570660652486 51.063780784606934 14.029720879831128 2.6460412708980536 3.493105584987372 0.7647137023206354 1.1817180929742064 -0.2632468104205086 0.8030607431609249 1.0319152766573274 
72 WEA 0.044805028177506756 1.4530763626098633 172337.75017208888 4.515304992733467E13 0.6328608915108085 51.19243907928467 13.531501037147073 2.636497259768838 3.472330755800571 0.7357022680378338 1.1658310514685208 -0.26463804694027165 0.8031126640340713 1.022285822304277 
73 WEA 0.044108035307090177 1.494187355041504 172898.24496059222 4.497334116435393E13 0.6295889808339421 51.09123516082764 13.765630601285936 2.643886317193215 3.490501887498521 0.7568314965784403 1.1757577793538576 -0.2621990285224681 0.8018171847467402 1.0222430264578852 
74 WEA 0.04256740929986336 1.5412216186523438 175593.60277975036 4.482971182387324E13 0.6250944918519057 51.00839805603027 14.152986586508112 2.6605463873419555 3.523227437477963 0.7774537504076723 1.1889384501036795 -0.2595882294887374 0.8012652021772542 1.017074061767233 
75 WEA 0.042658699276216794 1.5569887161254883 175127.79411543763 4.452664309058012E13 0.6252064974143875 50.83659648895264 14.318467601100181 2.6601704015869374 3.521988806804216 0.7906629455428963 1.1908164180557794 -0.2603991099765004 0.8020232565447158 1.0355160302663278 
76 WEA 0.04327945786371856 1.5422258377075195 174062.24068901592 4.461004991972523E13 0.626512800475187 50.88388538360596 14.198389248145926 2.653285949076442 3.5091647102259604 0.7835293340559522 1.1875293078395432 -0.2613120425999022 0.8021280721519299 1.092207955782056 
77 WEA 0.04240167545322038 1.5494804382324219 174882.45652105726 4.428754900745744E13 0.6254220710138391 50.69933319091797 14.37393517373627 2.659672130873415 3.519998522307374 0.7852684601842352 1.190100879093938 -0.26141742031573384 0.8029425674018899 1.0464237392503273 
78 WOL 0.038585420426898054 1.1736650466918945 173702.73957195258 3.85738794993421E13 0.6527919556439412 47.31601810455322 16.68087320237365 2.7988405517909727 3.5772204187990058 0.5817988068269387 1.0771781938690357 -0.32994448538005966 0.8663263640609468 1.0099602023309282 
79 WOL 0.03757602761106682 1.2338199615478516 174983.3284408573 3.837716606128449E13 0.6467626339097758 47.19330024719238 17.14618556695568 2.808968669245616 3.609460931997171 0.6112507363501657 1.0965921625312862 -0.32335757935935794 0.8632134680100247 1.0124803932547644 
80 WOL 0.03629809211270185 1.3116731643676758 176238.42345159245 3.814870554560216E13 0.6383891336110515 47.051907539367676 17.429943060916536 2.8175718410961252 3.64593418600434 0.6466573353330137 1.1196705149531079 -0.3139154863838993 0.8579769202813221 1.0093359545485603 
81 WOL 0.03555076811926483 1.3586626052856445 177432.7621049777 3.781430551530679E13 0.6349507644972212 46.843586921691895 18.02512179665088 2.832951797841938 3.6753579851141622 0.6722365146327159 1.133331691674535 -0.31224955908614604 0.8583102763214269 1.025225560951714 
82 WOL 0.033414323470879026 1.4727716445922852 179537.4045287052 3.6550563139315375E13 0.6235611851724596 46.05627727508545 19.652633042383677 2.8689946987849657 3.7431917048442065 0.724187023618225 1.1626920067105457 -0.308614761638931 0.8591694662163015 1.024566977877736 
83 WOL 0.03497327480954482 1.3781471252441406 177870.90715678438 3.7048170625261414E13 0.6329647716886253 46.36983108520508 18.93209647505715 2.852019021871995 3.6946173751504183 0.6813719010106927 1.138154449315458 -0.31707937972192896 0.8631345926921347 1.0218746851206857 
84 WOL 0.03489689987782185 1.3753280639648438 176493.35848909293 3.703681821742494E13 0.6317928582245358 46.359941482543945 18.48510085202802 2.8435133226100513 3.6896833408401113 0.6757757327969202 1.1366468536194467 -0.31343077238033895 0.8600332122875488 1.0167813079229853 
85 WOO 0.11603386925708037 0.9420919418334961 110412.78484844304 4.752015123626858E13 0.7622011136058141 52.51706790924072 9.524843502761886 2.281408823065823 2.797089339187875 0.6424212201361198 0.9892819770154538 -0.3543310319828143 0.8331427101762802 1.0167433119509035 
86 WOO 0.11062452017358737 0.9841976165771484 113898.22449539624 4.722719399750661E13 0.7547274692708477 52.354286193847656 10.139019258239495 2.3184436319422703 2.849003862275673 0.6650913905388902 1.0004065587961206 -0.35257042194855687 0.8358003647242535 1.02197170479499 
87 WOO 0.10789766169727955 1.127120018005371 114107.41799400904 4.7141566257496945E13 0.7452317312962998 52.3064603805542 10.762580754885308 2.3369599572157735 2.900775651945031 0.7651708990921887 1.038542096568798 -0.335487621602833 0.8264492513827636 1.0239879878431242 
88 WOO 0.10858277147417539 1.1807851791381836 111906.45476012865 4.7084323256948875E13 0.7453102433175611 52.2775354385376 10.670073971646797 2.331477171692241 2.9025985241140235 0.8059700960734988 1.0530494848866112 -0.3291348833510683 0.8214375262611646 1.016437163390815 
89 WOO 0.1092619117121103 1.1592607498168945 111351.18556916759 4.690668891090485E13 0.7402103554953191 52.176236152648926 10.906724030679685 2.335982826525365 2.9050034449621647 0.7808187249659627 1.0509493093228826 -0.3294578749638226 0.8218865413111446 1.0195801217073739 
90 WOO 0.11398488741087931 1.0895633697509766 109304.96596162111 4.655004283374919E13 0.7492752895282914 51.97738456726074 10.943348677461216 2.327361214866158 2.8773999429300012 0.7426593912653578 1.0267815759677306 -0.3423280981658146 0.8300866500415723 1.0371328630518326 
91 WOO 0.11312751622017458 1.0787763595581055 109197.09093127589 4.6465344559436766E13 0.7448419770661464 51.9301118850708 11.06266429105569 2.330137571576664 2.8804440889282183 0.7227897172390315 1.0335131024429374 -0.34195289731262024 0.8300243680206607 1.0363609834866707 
