167 19 15 
1 BAR 2.7322492143286596E-4 92.8853695266641 0.14571393920466377 8.589099372951962 24879.191565587153 1.8787186447484264E-4 136.81977357509754 0.12147593689045379 8.834898771265978 14146.812466949586 1.9837597417084315E-4 133.2340998043056 0.12694822006397627 8.745954302196575 11913.73466206227  
2 BAR 2.7600073417121133E-4 1665.595542594208 0.059824754738965855 10.075535793420215 24676.764171691222 7.983108760036415E-5 1697.7406509907196 0.050487769470094104 10.207765469587386 20785.282685513794 5.009505777793853E-5 1704.9985475782973 0.047710257202895894 10.258635253612395 18659.243211695957  
3 BAR 0.0016187221054601627 554.5876268958045 0.1945233300658547 8.86705666810005 14239.854191738383 9.566488689684278E-4 625.9344766695311 0.1938922091479644 8.71096237537659 9693.5806671257 0.0016656559086061194 638.4195778803987 0.21411971386933532 8.288047432558868 9215.526065977518  
4 BAR 1.1916632104829958E-4 428.1426660347405 0.08111508995254615 9.392390673356454 8628.301188729465 2.1018562511339821E-4 499.0068034491277 0.08829832390677496 9.254079399741919 5657.561785092063 1.9109988189668344E-4 435.5352097602768 0.09151676117641568 9.140435639861526 5094.743466999157  
5 BAR 4.658116121251106E-4 1146.9470936277078 0.09006640987296623 9.633840746373771 21591.163713992555 1.2210703933897315E-4 1186.6415537854875 0.07590547389367297 9.813299231776698 16925.831887753648 9.626054830809695E-5 1197.4163557974568 0.07342247430171951 9.865345212691576 14590.362686969629  
6 BAR 2.406464913891534E-4 94.06411677470743 0.1471913748113214 8.686325727362883 21683.13920398167 2.3598536758229639E-4 100.21732051125349 0.14248776263501006 8.648147529199399 11594.2452638518 2.699294399925249E-4 99.19412762964892 0.149792654907529 8.540659218289486 9829.970305318771  
7 BAR 6.228113398502894E-4 120.43856638331991 0.19239233076662007 8.889975799379705 19852.55477659498 3.0193858942281695E-4 133.53809549290855 0.183509759890113 8.866944372021358 12699.98089820654 5.030801500840689E-4 115.81559595156756 0.2046177338449087 8.577661664372446 11204.039981520153  
8 BAR 1.056459356983335E-4 926.4793259234424 0.06070972257628126 9.75412465262433 18364.577030482502 9.697305482822113E-5 911.3691138698712 0.05863107344937531 9.699286574143168 14436.371003550248 9.959594133321407E-5 902.2921278742723 0.058473553064308854 9.668813155244024 12096.36481256917  
9 BAR 3.804484750083999E-4 79.20287655944274 0.155877282814497 8.277792621101682 4878.523455987892 6.26994985532302E-4 67.61356791218267 0.1798544507475762 7.868030576831596 2541.249053556026 8.315403966440982E-4 46.28116591242749 0.21005878368607564 7.567870414941093 2195.522716944999  
10 BAR 3.962043765917517E-4 924.6967114114577 0.08771441169391186 9.614004049121135 18868.43608530597 1.3553585594318574E-4 955.5671553938394 0.07655850278206575 9.708567167014824 15120.404621230027 9.819628938784796E-5 973.9238051920313 0.07273909942497284 9.780814422169652 13223.330076985892  
11 BAR 8.084359717332937E-4 305.09694150563143 0.18638367693756414 8.864520429922 12587.804368900908 7.8576613314179E-4 340.04772352006387 0.17400582046466045 8.854873952507077 7981.804845001429 8.798478770658068E-4 322.327719850787 0.16381853491701587 8.37625361156764 6130.015099654799  
12 BAR 7.810925917482502E-4 43.60051904965869 0.2740320686726391 7.8692161540752075 4465.092374776501 0.0013726245272205075 35.75087527519629 0.31260821763664653 7.469938290753175 2582.6249361899518 0.001182946561271846 30.720550238503186 0.29360956381405023 7.376549018974372 2339.4207555848693  
13 BAR 8.922226012513344E-5 1308.3127216854525 0.060535599965863295 10.038929021329103 22188.40746903463 5.790262276599687E-5 1313.8353985751125 0.05646157660546641 10.09315345476879 18148.327460332264 5.641327201735528E-5 1314.467033849076 0.055592084683073764 10.100943434749999 16206.236284894752  
14 BRI 5.451911670525517E-4 141.99516114236832 0.14009814502241624 8.004661817745452 17826.65488678461 4.441949017633758E-4 183.22189946184108 0.12796561687244967 8.184374094937139 11871.950511836574 6.328843401513595E-4 202.2732425697169 0.12138912239574769 7.805962394660766 7483.905537765353  
15 BRI 5.750399777807273E-4 86.40864267367967 0.19839987063415446 7.87214266805078 11638.513064438586 8.745189500512935E-4 72.15860062989259 0.199306012426432 7.528059047883464 9071.814220867673 0.0011613832027064816 62.74800483121365 0.2013685419578756 7.2676383969597484 7925.030976268393  
16 BRI 2.9292274941500633E-4 288.318802745844 0.08049290152220287 8.606308151068166 18642.47875802772 2.502023065055946E-4 289.46427806996246 0.07868976392178112 8.692412324489162 15269.916891969555 2.103880756045702E-4 307.35380993150903 0.07736402789863815 8.856372888955871 13054.452606476954  
17 BRI 0.001486189231048669 253.36469162794185 0.20362552764909897 8.71374935539581 14336.84801108472 3.239706607576162E-4 310.8102869679637 0.17363943398274487 8.956511290080737 11149.790681718463 7.156128451867653E-4 296.632606103236 0.19027108255536743 8.404121324628331 7631.375040076306  
18 BRI 2.348216497856174E-4 317.26031601639573 0.14489594979185347 9.179066564822785 10635.647287636104 2.917440136427353E-4 324.85170392001766 0.1478378210062554 9.034797305620607 7739.213446789936 0.0031913070909236865 264.0091540790191 0.20194464948644067 8.186542303518307 4166.826839983808  
19 BRI 4.853780766481406E-4 60.33203507216289 0.20099433797014232 8.223027380440923 30554.43841255072 4.4980323908929467E-4 61.99387689579312 0.19503518510553672 8.254093067400536 26638.104924723986 3.970659525888566E-4 67.4558807791099 0.18323013082438586 8.344016613596963 23726.91976940818  
20 BRI 5.195352348474062E-4 85.00649767612595 0.19372932887102604 7.942690569194448 13827.66920957046 7.68457945558359E-4 75.81715921599857 0.19564304343562317 7.644784558489436 10579.608127890993 9.846569258514207E-4 73.42636221868888 0.19374119714314805 7.442016465429592 9125.755079252334  
21 BRI 6.582760261099908E-4 342.01973764677217 0.09369157902952316 7.675981236389963 29995.97268455143 5.17855296055197E-4 323.2000061154614 0.09362318839817452 7.834126826383486 25162.457821939533 4.2794220905556464E-4 273.7225530516137 0.09518837500877589 8.024771195560334 18447.961473326974  
22 BRI 8.048921969933191E-4 898.6510212818037 0.09088713531657062 7.638921292190888 32127.000393957118 5.970594854395442E-4 815.0487172822906 0.0872544316003369 7.875899842935106 29031.491770046236 5.270482254593609E-4 629.3531219422725 0.09198942836572377 8.008670577957579 22126.741576058357  
23 BUI 0.003906331605458436 405.48161922089736 0.2872967527239261 8.487731494297604 22526.08975989995 0.003215304208843285 396.6851379036309 0.2824563050620196 8.490799793137933 19295.00896401941 0.003256295130266923 395.81203369619516 0.2797323353918182 8.463630655214482 18984.997556936683  
24 BUI 0.013060622212878735 413.1469850782851 0.328836691852388 8.130614617503761 24121.169587922035 0.012029204541213973 404.906165912435 0.3266772201066005 8.143543908638298 21137.535619942508 0.012085303399934225 399.5274125489329 0.32382085424237594 8.11895175590608 20578.515637304637  
25 BUI 0.0011154806728373707 42.053269477740066 0.3372527756447818 7.329095975026306 19391.13823960931 0.0010950785777691515 42.5582459332195 0.34287145198134683 7.339653224169325 16247.880693848892 8.310535103711956E-4 50.57802562377741 0.28368179088082474 7.592571076392986 17231.35859696269  
26 BUI 5.00270707598952E-4 459.8343474804353 0.23248938695621427 8.77402685438136 15242.834997101432 3.861797026165543E-4 444.4359443798966 0.22842377582274603 8.759077713162718 14293.151584526378 4.8061509941181596E-4 444.45882002202256 0.22448667853637788 8.600518667341033 11230.522358177606  
27 BUI 0.024279189830843987 324.4649660592069 0.3830916934693783 7.562123502776236 20516.050688337647 0.03797384750877695 334.120742111067 0.40436348077168427 7.323486885313846 20364.45376478722 0.04419967992806993 340.4238166585222 0.4093688279291001 7.226706698373459 20968.097045129303  
28 BUI 0.0014216252303805715 349.88989114482473 0.3129812867835259 8.374991198709775 20560.72420160235 6.639735363177651E-4 344.2211847174738 0.29729133966606225 8.473657078189786 16903.501837351952 7.349676555955016E-4 341.2471830663014 0.2919155465003654 8.444898565148765 15491.602392126593  
29 BUI 0.0012194147346320917 41.50365780944262 0.31553385523082383 7.286587576370725 19543.885654147933 0.0012175116006743285 40.9438830112528 0.32086091356890195 7.2868905557761705 16483.549571430536 9.2714959139474E-4 48.93429320572463 0.2686601818809244 7.528259350495602 17272.268560482018  
30 BUI 0.004966718981143563 584.9977640349838 0.21865442815845107 8.489376733148212 27300.801438912746 0.005022576675719753 579.0190190802325 0.21671494315738632 8.479141119482225 23401.575982884082 0.005124928941484549 573.123662243144 0.21518967526725724 8.50654176152799 22298.318116141672  
31 BUI 2.566123232335857E-4 492.36755824976007 0.15668775633671864 9.239370772734109 28607.230460286413 1.8112116760150233E-4 494.6631069594013 0.14925234159417525 9.19862799152788 24344.388642813246 2.0911257030908244E-4 476.94502965999044 0.14756124240974017 9.103842276868958 22706.355611430183  
32 BUI 0.0010164256123661177 45.838024400685356 0.3071259654689747 7.474360724935696 18328.46531532268 9.996209944485518E-4 45.5839767306754 0.3060174061742137 7.44725637949242 15875.81478460104 9.697792252225332E-4 48.855484038649884 0.27323595013549884 7.514268824147933 17200.837324108517  
33 BUI 0.004358067400881734 728.8517153864981 0.1981212659728779 9.032604084715675 18478.408344431693 0.003956745780607543 735.4315909368831 0.19658420246422756 9.013052798352636 16406.200611719905 0.004716082497368671 731.7597426920228 0.2001147633836156 8.9826988804633 16853.6236782806  
34 CLO 9.082497613654124E-4 17.25655500856171 0.2679631019679551 7.345751257283171 19270.415671440755 0.0015958503715167891 13.088777366682994 0.293964647241439 6.798128038757275 19104.449233932108 0.00188789597182001 33.2008622798436 0.19764369776620114 6.682109570066644 18003.718739393236  
35 CLO 0.0014082973906702717 15.252858977495194 0.2835460892704661 7.013473658019573 14867.647831523485 0.0021072810419183953 12.193500795009857 0.30091545403903647 6.539736168552991 16753.39537412861 0.002605699162442282 32.59157901174185 0.19707826771906922 6.30107881088578 17789.889484697433  
36 FAB 0.012208408462635548 2300.6466869496326 0.17807387061041186 8.905583500951034 27096.882768994845 0.0031685932502484703 2578.470966854215 0.12365809003452716 9.561102371630152 21845.348525371912 4.68629147954971E-4 2749.992290698364 0.08631058595496623 9.945340812761518 15694.430722419684  
37 FAB 0.002882209105324747 413.47261420621425 0.11348620534330314 9.136183026192569 34232.573597990384 1.3945890761011246E-4 416.0209378057803 0.07101767120736867 9.245038743478435 10705.017389288985 2.2334481938643692E-4 363.9786455785307 0.07768558183641883 8.856043613713156 3220.6025801308774  
38 FAB 3.6051003802139666E-4 1543.6712825648285 0.054595783564254055 9.987547488865216 27392.332752298622 5.283674406603858E-5 1568.4002377385239 0.04072463682047149 10.140020027592326 18640.127190824904 5.636611440546845E-5 1507.447682240698 0.039671705801820584 10.046288261013498 11921.035044737351  
39 FAB 4.3787695048465276E-4 3738.433628149412 0.04946696262740849 10.088607629035527 20711.304376471802 7.322168825559399E-5 3973.7718818798685 0.03690976660116712 10.183836903034527 12864.456025925403 6.774044858250781E-5 4023.9530753118634 0.03490994122725293 10.174383955782732 10054.866461441343  
40 FAB 9.732742061510629E-4 742.8787954072961 0.13015140105433767 9.149317347056527 20648.91366782017 2.872025661545359E-4 763.9666554549948 0.1127649137182939 9.2065773775506 13549.91191508156 5.681831032359277E-4 721.1531196489739 0.1131188353823509 8.688890001332759 6784.539190027382  
41 FAB 8.516359964529338E-4 1919.0393032962559 0.0633360176611541 9.968692073768404 27688.59604731121 6.77261026175744E-5 2016.6980033023615 0.0414117743548393 10.237597347147913 19036.025792192668 5.012588261099023E-5 1990.3544635212766 0.03814976499131853 10.196027957026269 12280.776417882458  
42 FAB 5.6271390131779364E-5 1959.2931904354248 0.02995146874268315 10.067966739780312 22196.602815196657 5.3343936745555684E-5 1929.8008080051366 0.028710630827262426 10.076040011839675 18105.37018114725 5.429576668510236E-5 1920.595313264435 0.028899473952712126 10.070082664207074 16124.494128469953  
43 FAB 0.006417931171869482 1782.3540086839744 0.16639123211020695 9.115490051654858 23709.055660950045 0.0017612574482798588 1932.9532473092434 0.12784400741800564 9.580868392706169 18669.857474471373 4.600908445074755E-4 1996.4271686949796 0.10189739452874005 9.769677445754782 12809.52528621741  
44 FAB 2.567114009670987E-4 951.4580670560225 0.11455430870529287 9.437994112693273 23878.161372384948 1.5712781878492876E-4 878.4925964713823 0.11579178100121398 9.413552968109816 15847.14190117007 1.6348316891325499E-4 827.5092649217255 0.11800388726086672 9.374865211199142 11367.711979393755  
45 FAB 7.196622640605383E-5 2248.5088368395323 0.03947700569879766 10.058575191519147 15318.32723574429 7.661332564428173E-5 2184.682542655328 0.038897383471895676 9.889437273508836 9787.006412265278 8.55367495886901E-5 2171.6972121147337 0.03955751927189882 9.829911531100146 7655.580287359824  
46 FAB 6.509277365254188E-4 638.507181843206 0.1264056671583441 9.23324204079603 18641.457418856684 2.1354334057682E-4 597.9577001284263 0.11002587810816278 9.197266652164215 11524.820855990985 5.573795105648317E-4 508.050055039152 0.11323488597860414 8.557638451696942 5357.694952866281  
47 FAB 9.01240983212063E-5 1184.430119404355 0.038433736915602895 9.617002545870323 19290.775819488626 1.10770513061418E-4 1107.7481233182486 0.03950772991965865 9.398793167246463 8780.493255559952 1.2924715173353142E-4 1068.1796263454048 0.0406624970669031 9.25719521706432 6234.833447173919  
48 FAB 4.5280189637897286E-4 396.2665155638503 0.08588953545351113 9.366650490777227 31119.165159982567 1.5507929679945052E-4 375.5765923128745 0.07415175100241124 9.134182594375549 9778.678844168038 2.5398642728987714E-4 342.82317147750183 0.07917354035185538 8.764977198730367 3018.137017189248  
49 FAB 5.4874221703770546E-5 2752.2972801491683 0.02620128220782917 10.182980532692383 24996.170019240028 4.3963107340122636E-5 2780.31114313229 0.024250931151379853 10.257909880784887 20967.259968243456 4.355408664074184E-5 2781.835066046948 0.024134988209034133 10.2748487354333 18941.47410678218  
50 FAB 2.6483498623406385E-4 462.2109451443311 0.10091260349610852 8.866991791128964 28635.133237801874 3.009524285081148E-4 388.8593100232447 0.10192780509357467 8.685942991576178 11825.105541773011 4.676685818779292E-4 311.9837214102288 0.11165472874970038 8.261673681164977 3192.14010879603  
51 FAB 1.7577137904113054E-4 559.7800880626232 0.06645577391742599 9.245691107385978 21585.55764236428 1.4432633866450585E-4 568.3751070205486 0.06325646036277045 9.266445265069825 17676.854206562504 1.4467522902605654E-4 560.3475033635025 0.0633473617387931 9.22726387588558 15419.87544856509  
52 FAB 3.8270672273003545E-4 1651.979715784006 0.09027453310603378 9.500283662909881 25110.538388953082 1.6703246582722145E-4 1620.6620902641764 0.08341482372323274 9.639637553378956 17532.167213828805 1.4473474578899692E-4 1573.4027565435536 0.08229532498678468 9.68941972359178 13296.995699201065  
53 FAB 0.007119708663270022 1740.6341884785074 0.17304555909714453 9.018165664518385 24478.151370698153 0.0016944891068256514 1903.6175123838498 0.13009369237833218 9.547225134922202 19070.8993562715 4.926333073763288E-4 1969.910011007853 0.10440676956399952 9.750351035733312 13397.54521635647  
54 FAB 4.20795201248191E-5 2521.026988288887 0.030878942656732355 10.350810875970357 24391.012329967994 3.782452445007025E-5 2450.1707168847797 0.02958735386435973 10.380695980494894 19658.541455999934 3.841805587997378E-5 2465.584095217689 0.029912213212538646 10.378395553848229 17387.853144972065  
55 FAB 2.7027751225423564E-4 563.8497699058281 0.09617558497289057 8.895233187305584 29165.18953588405 2.717877829843582E-4 514.0736224926674 0.0956887129140243 8.823596988536469 12456.336782766037 8.160083914547071E-4 359.80390777886663 0.11688017940897008 8.166024709711936 2669.353683758019  
56 FLO 0.003450450147559772 1222.0421852067295 0.1300826446547942 9.283468493465683 30272.97500173896 6.807040869825507E-4 1378.2624182057643 0.09632108921433821 9.687795912762262 26366.373200748523 9.347135671570921E-4 1474.4165086839764 0.09713194339102657 9.723145407110593 25053.368393774446  
57 FLO 0.0015014137183539135 56.702020395058824 0.2100016286386049 7.992571143396304 43935.24018615204 3.9410834638016446E-4 64.70149293664403 0.17873229272666402 8.23900891501708 35723.85861939473 2.7835318024520267E-4 83.77409108977616 0.1640287252511763 8.567615081929562 34658.85542222604  
58 FLO 0.0011207051460335243 429.4651265900275 0.20378735525297503 8.380575473485603 10505.846398262715 6.45781158120284E-4 257.0759654782349 0.16699990758084132 8.556136091191535 4670.28476481232 0.009376578763216232 30.852518040606636 0.3299119483020349 5.532927409019988 299.60702120728763  
59 FLO 0.001237139977823861 167.34741927593163 0.24308915264251238 8.127229345013486 10338.401638966438 6.576951460096459E-4 91.76541478106705 0.21518388590180226 8.091492017689049 4109.536695623623 0.010894979857147278 10.427971349070528 0.4233272395379208 5.297365609879846 168.06351035026756  
60 FLO 3.6888323139142335E-4 580.5453423128743 0.12300323543219764 9.234557554218005 37523.10327343795 1.4208687802122613E-4 600.1796072345979 0.10794814555774543 9.387217399212696 31435.128545172352 1.1727285819929814E-4 664.8028375733991 0.10373251446221653 9.544394744446457 29509.347876582353  
61 FLO 3.766008346155273E-4 161.74085356531492 0.20759323320323314 8.476874665066191 35606.13183361315 4.1006418571947357E-4 154.16381405944426 0.20599079417935046 8.376187778154556 29235.024578423363 2.999844995325486E-4 187.94079470401357 0.19239064913128168 8.678087354938132 27614.662131008197  
62 FLO 1.343806405412314E-4 449.63780042197635 0.12753665108312656 9.409372181505038 21284.755232682895 1.636246709667812E-4 439.448354941301 0.12465953841405492 9.211898283173007 11526.393797002105 1.2558358380338917E-4 512.9842526908101 0.12143522085393547 9.509404683094678 18331.392697034044  
63 FLO 3.5991615597726615E-4 89.73454317514779 0.2312984665948945 8.471192100450653 23336.4358793294 3.7442743553387306E-4 85.50358518835775 0.2289230206879082 8.321137159301895 12198.202268998855 3.205291192790766E-4 97.81516786937519 0.22445606714188598 8.56440672154402 19834.181307627914  
64 FOO 5.028949381251467E-4 28.822307668786912 0.3494132394119227 8.11972803642957 15304.980549055364 0.002184255938471623 19.5762292074366 0.39779897733837 7.209185712309762 3380.700432672343 0.008105149182673303 9.136940435420799 0.4568964700618254 5.776520357896047 467.28554205883063  
65 FOO 0.041755147426423944 939.3047371881106 0.2936633910407268 7.920164294283867 25985.683420477646 0.01610150616377529 1153.2373065985773 0.23849778695099455 8.388539238487 19564.616252864405 0.012485526867269647 1195.2967947345942 0.245874828964941 8.114376378790713 15624.065759510711  
66 FOO 0.032956709736063836 508.9808700770694 0.2690031324214913 8.301797299389028 28707.87065181201 1.676104825781403E-4 407.76702773362035 0.13192133554712665 9.321103860689778 12948.455359531094 6.390795472370023E-4 327.34583690069644 0.15167918546269227 8.809297184335625 7274.556360210508  
67 FOO 8.304475905725493E-5 1870.466349682001 0.04700273581610251 10.059727139585096 22542.738452105506 1.1024614028536748E-4 1413.3770142795975 0.04969265180502885 9.652588560404658 11321.794950653848 1.077604315919087E-4 1281.694578644802 0.04833656169224704 9.523743715020359 7860.369478535214  
68 FOO 7.86740168648367E-4 19.258374357876885 0.4106080385943879 7.70429734668837 13490.750831389565 0.0033659809306014568 6.457696306262227 0.5278286073806792 6.604123018427656 2781.8432418990014 0.021230091806995175 1.9138790362035172 0.6163241730817606 4.650388620442241 310.30504600825253  
69 FOO 0.011699280480307227 529.2335914567159 0.23505270262359884 8.701155873017948 23434.411875102123 0.0014420004742435725 567.9429083598444 0.16597980701000284 9.089729355760214 14752.398217720835 0.0048285547749570895 588.45802501224 0.19336230803628535 8.852843365230166 15285.57430239885  
70 FOO 0.011699280480307227 529.2335914567159 0.23505270262359884 8.701155873017948 23434.411875102123 0.0014420004742435725 567.9429083598444 0.16597980701000284 9.089729355760214 14752.398217720835 0.0048285547749570895 588.45802501224 0.19336230803628535 8.852843365230166 15285.57430239885  
71 FOO 6.521443970685375E-4 983.7143736240441 0.08971672504275749 9.705912953944397 32158.618457723074 7.941750891617721E-5 858.7445839958509 0.07144918456255578 9.811327889017626 14274.876842123249 6.209314925198513E-4 712.2605797455996 0.09369508780403568 9.277497017134086 6056.4052155017835  
72 FOO 0.0010318032596472815 1085.8262521404254 0.1434226691633447 8.981903408509266 12479.314009749234 6.649131239776048E-4 929.7514294887516 0.13695857233744266 8.87386733229917 7268.418254646546 8.543806921795538E-4 900.2246972847399 0.1448207879572242 8.710569451394221 6740.226509243505  
73 FOO 0.0073824982830468676 1068.3492348031007 0.1423229238472396 9.185135906628876 35639.84064730217 1.3156371828620914E-4 1176.3397940618988 0.0731838205305958 9.878372907099068 14994.602017552525 6.128209384144743E-4 1070.4301805589535 0.09170661377516906 9.377661777945843 6532.868162994375  
74 FOO 0.027898935366808625 1169.340921599818 0.2958687416852766 7.918345530848154 24024.61217545114 0.0057054099843926705 1288.5792257827825 0.2177789416171685 8.642422992503974 15631.001688417982 0.002096656057971523 1267.0425788894197 0.18165931151009906 8.76958381487122 9991.387882013258  
75 FOO 0.035160998163785685 523.2760786142488 0.27187488721016406 8.253639692056572 28954.55938683875 1.6828778158752372E-4 416.17891924536195 0.13056421232139995 9.32169408769715 12888.122628473006 5.985962859784817E-4 333.9347442209012 0.14977438921386435 8.799359207349953 7151.7335539957885  
76 GRA 0.011351386242961841 3451.991648575073 0.13496632210419596 9.315794012574168 30175.88056505104 0.0034963555992140157 3910.7941421537735 0.08884058923326098 9.926652115018454 23740.85195326216 7.792891783167772E-4 4152.096700709345 0.060698030807106465 10.242357224111611 18036.096800208048  
77 GRA 0.007256647385122555 2966.164368272968 0.11734173212699343 9.511949180605598 26744.22463410415 0.0023690362036721075 3250.6327398788812 0.08242078352947074 9.953736055350559 20930.4207781298 6.415193254684597E-4 3388.1865482814883 0.061659297292652106 10.178506202250276 15726.642071198625  
78 GRA 3.880723181478495E-4 295.9782824730983 0.13624240449275998 8.8409157780794 12722.620134610946 8.674091073505091E-4 255.17664888087427 0.16787702261231596 8.26862317041997 5805.636497274653 0.0018675571333995823 181.2880534491207 0.19630296594434643 7.478563272603451 2274.7423462071474  
79 LEA 8.856688911306273E-4 734.8373058341689 0.19326307079401353 9.018556997595006 15530.686752748408 7.993589787626623E-4 717.5008446979145 0.19508275742622608 9.095334188999532 15016.510999559016 0.0021133768790915245 602.4704814395926 0.21566095232170795 8.317560115420923 9611.84093753846  
80 LEA 0.0030165312809454095 129.20045713062774 0.2314179089089027 8.696630865925988 11872.238949285867 0.0014946193407928668 56.433941566782224 0.3237117171067107 7.518963182976495 3247.996049935802 0.0019996272554833046 66.8689992049909 0.31019362987976395 7.3968969388348045 3022.0332412281314  
81 LEA 7.769464617870383E-4 419.59113181874824 0.15396095200625165 8.800192896560217 10292.263624803982 7.981342540927487E-4 433.1995589224651 0.14599111430900436 8.763319547381776 7646.293292971549 0.0027142681104133023 242.0599811949628 0.19528531067292743 7.475439568852877 2458.248700046057  
82 LEA 7.043522268866143E-4 1294.177099896058 0.11895299450113127 9.455706258294164 13463.429642086987 5.036172034072423E-4 1386.5579860261994 0.11937451550311914 9.516498439998976 10730.93163490926 9.880344510176037E-4 1347.4618051308776 0.13206030921920978 8.84000562455738 8106.005009341546  
83 LEA 1.5299062948635278E-4 678.9469330968728 0.08495098889102734 9.771155001713952 17391.084741675226 1.3169391303128662E-4 679.7433494373836 0.08383054610624854 9.694400231667911 11313.204844052552 1.9128015603877237E-4 675.1984428510382 0.08627371160333155 9.187126571003104 9631.237605465058  
84 LEA 3.714551911815979E-4 527.1377889554911 0.14139568081517398 9.067337913710732 8116.405265500139 3.006108426092771E-4 501.4902190863593 0.14006791002131772 9.16853159754464 7452.062875414898 0.0013056720548676765 497.1546523361147 0.16357915413367144 8.205652128316306 4485.155500911616  
85 LEA 3.5517482916879524E-4 238.49787869985843 0.15032608864769992 9.117265284092587 16215.03873122423 2.8299049150323313E-4 223.44827467588618 0.15146755986316407 9.000876729565306 9985.15682409819 4.4265731234231293E-4 223.86424825709597 0.14671721765045348 8.527756206083723 8410.37835957668  
86 LEA 6.75022179107221E-4 59.30991239603767 0.23976207788293852 8.001791574907234 6687.81192133154 0.004050147362173587 10.966139463062728 0.42373449880001046 6.041814776902713 1486.0374775844318 0.009816233736819724 11.138197926859169 0.4292340154974185 5.17099855207145 774.7476180040901  
87 LEA 0.002038981714277347 515.8040797761859 0.22221764148810935 8.785185003710083 13765.15586212454 0.0018045346081265123 616.4371139616063 0.23890840444229988 8.445323062208049 10003.567137681652 0.001680555668712732 636.884937622324 0.2248361894791423 8.271307077080243 8797.277476113832  
88 LEA 2.5707042992302413E-4 765.7411899156134 0.11958682138754904 9.345668493286839 14595.025906308976 3.4302774126223175E-4 815.6930841793181 0.11975983536723114 9.249164647268184 11582.840010668819 6.346550295893705E-4 881.1047081396817 0.13328025054676626 9.261549482813475 13328.152349293514  
89 LEA 1.9696983586249743E-4 902.1548549107243 0.07630359188917597 9.736387020192417 20670.85506016293 7.398386512277534E-5 890.2328805345041 0.06508198304111866 9.846152325099743 16754.399249529015 1.3188654632446373E-4 617.8900860750962 0.07424407866039942 9.325053648840843 6956.2191484301375  
90 LEA 9.331021734438504E-5 1373.4917403070187 0.062005339178209856 10.054429693084982 15961.305137515006 1.659246417799871E-4 1503.5841869496342 0.06306295635556784 10.009659922970265 11560.671284683787 1.4784001901784057E-4 1077.9263125305679 0.06597767392550533 9.469777534936165 9153.553271689365  
91 LEA 7.857349284765628E-4 597.25830555896 0.19306871054810532 8.912628639777635 10558.727805822711 0.0019340479052668634 519.6897971196277 0.2107624987989775 8.76636794749768 8092.746116519773 0.0013762972403378688 465.4730613992238 0.19412429231275943 8.214011310232253 6366.477395965119  
92 LEA 2.2962259611972858E-4 1589.1695740582427 0.0861342873116336 9.907054681825576 16337.48661329472 1.2729680172815196E-4 1619.7757116866624 0.076227626353781 10.00156273892819 15097.855931305701 7.046820379911763E-4 1588.0281693371107 0.11117747644057226 9.193906623903215 9672.567734563074  
93 LEA 0.006092668380860712 48.91062255381728 0.26435661019886775 7.5460213075613165 2912.1963688257415 5.582395672337218E-4 41.79740245841558 0.22140073293519796 7.9363555229070375 7391.5881293984885 0.037010245112611036 45.9049848642379 0.34329206075575974 6.854397663748549 2247.4694288412315  
94 LEA 0.0016861368918726512 471.6629922945287 0.21466680678065894 8.363592403985598 10754.857702416914 0.001234621662008264 479.4099001651285 0.1865137279716463 8.707044256971535 8978.609047248865 0.003716930537085634 365.69911555162 0.21847279878849546 7.244776448387962 2381.1792249640107  
95 LEA 0.001077304774508187 603.1717947346021 0.19104485016216544 8.560816115608116 9748.437703745261 7.454395964371432E-4 628.6068103290255 0.15868733585523637 8.92133730603114 8597.619951948847 0.002658661397179043 396.56243502324446 0.21097504008427373 7.488986280315344 2819.4730294168635  
96 MET 0.002736347894499333 1782.7440106714614 0.12209400499094648 9.12982293222753 17710.851477601118 0.0013936669607163238 1949.3006627629507 0.10693850347739972 9.32380986503494 14888.971499963805 9.609141201091412E-4 2051.4876773483106 0.09966607624104144 9.388781238432673 12855.589968732438  
97 MET 0.003005569619699218 1593.3833170254284 0.14841461625773894 8.808457041973934 16452.339179426777 0.0016672589167962492 1734.7800727739514 0.13449942651698873 9.037322177649285 13950.831011211041 0.00131851835517197 1824.1093979329598 0.12832819337063356 9.057630753891502 12133.57558072821  
98 MET 5.065682063819297E-4 2921.499552806973 0.04649318610940779 9.964541967237917 22377.93724057912 1.6456694666899924E-4 3030.634842068211 0.036213764860418114 10.140974533382474 17447.277424144333 6.984205940371787E-5 3018.302520333868 0.03045419534364676 10.212758194706433 13466.908609093918  
99 MET 0.0023974068248707827 1774.3824226394274 0.09665172255981623 9.271030072853135 20526.23699853682 9.215042058334418E-4 1911.2365650990484 0.07784038772598105 9.440336005038374 16220.864497001628 2.577441351366656E-4 1965.0626146648474 0.06135744483582115 9.60287605635803 12694.067933446799  
100 MET 0.0034550919583669504 1884.3809434625668 0.10147277790695033 9.271490929190241 22149.75812711305 0.0014521906965637922 2057.46596746574 0.08124734825107835 9.489346204351296 17727.595106765246 3.9783677794000407E-4 2142.6062714040886 0.062449446851232895 9.703303798755053 14080.973493361053  
101 MET 0.001193011468228198 3984.310294612241 0.058831283168573334 9.708304859739822 22983.76915567404 5.171216358108064E-4 4242.311884631809 0.047346764329902855 9.902447658554943 19727.399191438846 4.182729994585098E-4 4308.978924596328 0.044904095676672015 9.992354179640875 18713.825674531945  
102 MIS 4.2832358966766836E-4 161.06499587206505 0.1256285532208087 8.302422666735728 15257.042122724144 4.1739324995791245E-4 161.18169795743708 0.12416581330326704 8.309200378221853 10707.950906229222 4.8637498973212436E-4 156.2405286815074 0.12674519323601363 8.187565793126003 8481.045849576378  
103 MIS 6.578342521993525E-4 140.63468918175138 0.13073272572207972 7.940665744253952 14315.923071510833 5.94997873856678E-4 141.73477250489256 0.12891003385820535 7.997644560557074 10093.247757396055 6.732747470786637E-4 137.8938853045496 0.13021432520008358 7.8886482437584995 7962.627584936409  
104 MIS 5.718369124037561E-4 845.7255114053411 0.12208141428021842 8.642334373658725 7009.58854500816 4.026072349461351E-4 966.2588788833219 0.10553624055547264 8.853169479570798 7995.873813820763 0.002634630035938257 488.1821566169302 0.16508744289970606 7.304659305314954 2289.606444084797  
105 MIS 5.919561786721163E-4 482.87868456458176 0.1274244252125856 8.46826349723859 7428.954221432318 4.1281650730537494E-4 576.5875198752443 0.11297422496816428 8.6712666706235 8179.794051974364 0.002060110252780846 277.17051431017904 0.15418719144614787 7.2139396502341695 2211.3373847369876  
106 PAI 4.7575868348735776E-4 90.34622676125345 0.20196975540158657 8.392979726121979 7160.92021847014 4.4434511073651324E-4 105.64588811766289 0.19875614610117173 8.358071496531304 5466.603247544557 0.0015266845884975768 116.27722144080381 0.21476247258329748 7.4580558487220205 2938.3726969284926  
107 PAI 2.2678828924325688E-4 302.6096081519122 0.09202775470378399 8.739124987149111 10887.381983246218 2.598404283089521E-4 385.9022367294581 0.08528585187431205 8.615220391681353 6314.554719349707 0.0012675871409275796 440.2946657901207 0.10538509658412688 8.070791841937064 4712.104638755056  
108 PAI 2.5189562707365247E-4 382.7607899645346 0.10426625124419328 8.829648765901943 8750.477261677517 2.4629056214709664E-4 394.2650402091541 0.10036404223839153 8.765117809594248 7344.397890181225 0.0039798978890531606 324.20539154232347 0.16473363468749466 7.524769930976291 2794.2983392672163  
109 PAI 2.5719703087239456E-4 248.12391832803536 0.10963418578333775 8.660452934913456 9700.866544041006 3.148259408080363E-4 310.29421477495544 0.10238750239768844 8.547619813451385 6512.986954163879 5.217458282536649E-4 272.3488449425186 0.10748062505729969 8.0611551207877 5485.449189425462  
110 PAI 1.6616241665328983E-4 626.0942736362575 0.07474696037302038 9.572610922666392 30034.084817699306 1.772939504866196E-4 581.5354811338028 0.07014393666323272 9.1208696765012 9117.79565435244 2.823385243709032E-4 542.1382667257794 0.07321968547907869 8.703254902523996 3721.0984510891294  
111 PAI 2.1417412476705956E-4 288.1236851761298 0.11508305870879962 8.813217124157102 13290.704526335456 3.1910065853238477E-4 366.45452008928714 0.11209732685090286 8.750940414756574 9919.707016829514 5.462926508261021E-4 195.81897092098856 0.12587569932936285 7.876021676105627 5639.445271882492  
112 PAI 2.6563313027613025E-4 191.57252553204603 0.12101332191908747 8.558627847137686 14159.62808560289 2.990728441384239E-4 232.36794811032374 0.12116810361329121 8.509711980664433 9492.919563827001 6.189448247254713E-4 266.9172922272524 0.12338296398763654 8.106944771413872 7665.056412286993  
113 PAI 2.3966249259540188E-4 468.7923992478017 0.09224566477767901 9.26527817148582 34506.105708248295 2.263234040123038E-4 424.73075541219174 0.0911643031933442 8.940525846483427 9498.715534331888 4.305179087307705E-4 407.64789475295186 0.09521273383662389 8.458108018189739 3689.428009123356  
114 PAI 6.313604246847014E-4 60.38558356776055 0.23176028688106923 7.923357551842844 9933.165977677727 8.743288587111747E-4 53.69666936766238 0.25403756960694307 7.666605211319463 7373.695280539489 0.004317285650055872 45.21396847480496 0.29730609264443686 6.6002373468251365 5236.127118269428  
115 PAI 1.9222097084839893E-4 363.6868769875285 0.11388789629652499 9.010949040023545 19228.478023867046 2.690383539656851E-4 462.01391267123796 0.11356775731073185 8.961282679824738 12340.10586227033 4.2853071501503925E-4 301.888836227989 0.11697285054572262 8.239049761080688 8357.4252452143  
116 PAI 3.0102672950378683E-4 189.35900807240995 0.12204677960097496 8.65017991121731 12019.356096882168 2.8927270934996877E-4 215.27801262842686 0.11809510515722578 8.589605072141001 7914.7672911355785 0.0020281245360671144 241.32808677837818 0.14686562598765027 7.935474491709848 5409.305972016745  
117 PAI 4.4560556883863506E-4 129.19955127813245 0.14484900128676723 8.306588781365562 8659.310389730215 6.20169753920475E-4 164.2905378546981 0.14306089287157386 8.15423147809804 6091.622013345706 0.0023395491391598887 210.38940955235017 0.1517964271811868 7.746883896052028 5027.702853420799  
118 PAI 1.5050968330265082E-4 233.8278536264684 0.09615329614854194 9.112810034351968 16115.076866488931 1.8029912335712421E-4 299.9024393040668 0.09097016060153276 8.98919587073957 7203.778481333373 0.005954427331726149 276.0230132399767 0.15807728777094773 7.973796831877837 3869.5390741429846  
119 SAN 2.4943416919673424E-4 230.399886099559 0.08568524444407903 8.641458950216691 5311.335347268214 2.815637838276858E-4 235.71268805039097 0.08833290778385919 8.500342825896332 2705.1433809429736 0.01474399863138434 194.94532014432534 0.2008941044762715 6.784988693373146 630.5815364602622  
120 SAN 3.288579015152264E-4 116.84515273361124 0.11784309032231273 8.35045916123535 5999.876956770905 3.6494270744945296E-4 121.57665346746639 0.11945305253301865 8.24444882048666 2758.7193786677794 0.05545394594588659 108.1336113319479 0.3277396273316885 5.923451650005476 561.9604710381817  
121 SAN 5.312937837680493E-4 437.55886512354175 0.15019004673689526 9.033067119433706 11117.166360776188 5.967631872100464E-4 477.8727793236436 0.14611269054357712 8.860896899425285 6709.151468721727 0.0017322935878298132 425.8443424351862 0.1694499980018784 7.865893895308199 3285.7082747506483  
122 SAN 6.864797257245401E-4 188.4641863380676 0.1845631025289815 8.756903826411245 12592.971284799994 6.76593398274924E-4 206.83920544887803 0.18029429621614035 8.593683012888171 7409.6224923705195 0.0019269375366451104 199.86151541096106 0.19476717821278464 7.647416562387262 3642.7568093460127  
123 SAN 3.017394113310217E-4 146.67573538405094 0.10304168319514288 8.467786537774424 8863.89477159433 2.9624528658556826E-4 168.1008783329263 0.09819538697284737 8.450487437094809 4211.870649610772 0.00520024955251983 176.72120765044087 0.15798207606965395 7.324188211636261 1154.2923760088413  
124 SAN 3.784074035749772E-4 90.56809182363048 0.13107699753412816 8.224464693826432 5729.821861926709 4.290946779795046E-4 93.25904705846379 0.13605330795395124 8.10914768138724 2900.5528525808077 0.02138004734453138 88.96501956947162 0.25510181489124883 6.538593143737013 701.7746682739015  
125 SAN 6.310327757010157E-4 102.18346379647787 0.12865060960441158 7.70099772802059 4875.5539952502495 8.10018673516725E-4 96.92146602862086 0.13733596136319728 7.418261957776582 2142.1940728844975 0.07819572975615989 65.85157778865008 0.38214721397792406 4.908959940247282 268.6246407287668  
126 STO 2.2364675666106484E-4 233.4774759968243 0.11713122444163443 8.998960237279093 9432.220794180892 1.8276002609489916E-4 276.5429496391939 0.10251135954670824 9.076620286336016 8943.30873666932 2.568708719990992E-4 163.82141710494307 0.12165260475238933 8.749542997950229 5936.996303742412  
127 STO 8.542873119271607E-4 86.15556583292584 0.15045700516238303 7.605611355142788 12369.373953216696 8.807384079535445E-4 94.62572621086132 0.1477261978411017 7.57710290194067 6994.986080216347 0.0011553590661396963 95.12557714652696 0.1497073535025427 7.206956341556948 3698.723161935604  
128 STO 1.4201771936735798E-4 651.0922211350227 0.057795442869770355 9.232895279887567 16452.30450466484 1.6205725011965427E-4 626.343799688112 0.058008032347977974 9.10361647615773 13501.479374973462 1.8048088760963004E-4 607.4306774400665 0.05907958761777028 9.018639448397476 11752.185280313455  
129 STO 1.3651634859480354E-4 785.4045185604307 0.05236784118261281 9.302594156825167 20909.705430540147 1.5001081771072783E-4 771.0781555773049 0.05161387666809643 9.214063493680335 16815.092885344555 1.605317276711875E-4 752.52660989482 0.05262110158739663 9.162201374603987 14621.513453289645  
130 STO 3.7410285442454567E-4 108.94987233977608 0.16123506600235496 8.193455370262154 9311.021619836798 0.0010433712497424402 75.11842205846393 0.20219986693086753 7.311893720016151 2298.925232547362 0.0012523768827160271 98.19218979329804 0.1697419112013053 7.132214950247903 2388.8648484829437  
131 STO 0.0075166018799226455 206.93412885274574 0.24536144201233698 8.26834633567571 25981.31796017733 0.0020934422404251815 275.40358213063337 0.20487838865977706 8.54981882772111 16532.057192485656 0.0017573612478183039 220.372110445208 0.1812528479258425 8.117869150353565 7834.311593995897  
132 TER 8.877786537325706E-4 48.06473214285798 0.22376814969112246 7.5798376569626065 2113.3942645160287 9.004317948223098E-4 41.9012850110084 0.24093081289978638 7.522541657810459 1989.6884626040253 0.001039552914854341 32.64469942514705 0.23055279667603887 7.284912138446623 1827.2352619685025  
133 TER 0.001737862422620956 64.48513178816162 0.2632274934823482 7.262991077124824 1937.4227704750494 0.0012147458388767614 77.26410760151713 0.23770642930120056 7.539982728910926 2082.1376475611983 0.0024539427242097176 38.60979926002987 0.2716878942287087 6.686788958191345 1156.1398869117709  
134 TER 0.001382738637038308 51.69476593077359 0.21306619211292974 7.114374387591581 2002.3324011978877 0.0015299442780702316 59.18652152641914 0.21150784924498825 6.953480161795151 1353.009854529137 0.005552122706063372 39.56595905699643 0.24204826838483828 5.843201755377685 701.9697032965712  
135 TER 6.94900719499236E-4 61.397738044277276 0.20507708936351937 7.986739053707587 3634.406766648611 0.0010760530525438016 43.395525012231744 0.23333261018181 7.448990423061592 1554.334348684482 0.0020280462030080938 24.72807607632118 0.25926187459700906 6.654898628706783 554.3459759657479  
136 TER 0.0017944533976094997 28.42942377079289 0.28659084898579346 7.066205436335521 1328.0109864957392 0.010049639810930816 26.18483595278878 0.3457062850247267 6.822624121104106 1412.1610760520757 0.0018961964711761735 18.58032274339541 0.29322514712230296 6.877293582741609 1149.4872198182202  
137 TER 8.444315463499626E-4 38.39752018101827 0.22873056945152515 7.569225078572352 2390.402177356641 0.0010352435739763041 33.5854673740218 0.24900200277936746 7.497379440286171 2256.057061638161 0.0010440668391267002 26.676121422456134 0.23844237722984132 7.31460237717103 1893.287208195111  
138 TER 0.003381405881583869 28.986221104452262 0.3017358771040521 6.499716677628066 662.6422506193878 0.003435459987421451 32.338712389922165 0.3043000565033299 6.556570749138471 578.9184049275768 0.00489905762528499 17.307152794765255 0.3124172242893473 5.867421232763129 307.4099536177982  
139 TER 0.0019341083570013288 76.74748119496148 0.24083339930761274 7.859120354061773 5552.826337511124 0.016340915249947248 66.06177378913924 0.3214565462668814 7.223805810986995 2575.521637545663 0.0021921096968824825 34.716819807974964 0.27046658610955976 6.951288843523915 900.09741537175  
140 TER 0.0020504421242442355 47.68114374388549 0.25612885562107574 7.337630599346891 1715.4902838461373 0.0017235816426927385 46.7286990887974 0.2519566418890092 7.258151910519853 1216.12502798303 0.0022600112819145773 24.441448293786976 0.2690276133009134 6.564572532750536 512.0610020514268  
141 TER 0.0014734997429520626 24.223714988992363 0.2839271584876684 7.001335432881225 1384.8571074834044 0.001229102468346854 29.708529537671467 0.2715450308044834 7.2171004024448555 1774.0876355667106 0.0014246480508332698 20.382430283757508 0.27166212040455656 6.990113402953477 1550.6985258077218  
142 TER 0.0010168499724373915 37.71680834148794 0.2399043460716285 7.402712102744572 2092.2412294598244 8.967197544769838E-4 38.63868716365018 0.2443801612121235 7.534057697299448 2591.7513697079753 9.354362122715787E-4 32.80523024706488 0.22350025463717865 7.45701534017445 2847.9561423589653  
143 TIL 0.004149648024093519 177.4383982081729 0.24663256508453446 6.379538100151274 27060.980413295478 0.003509091017772775 155.06185787671413 0.24473032145450416 6.4640506768638675 19379.48076447107 0.00356011473573424 137.58871238992285 0.2407086005650293 6.462931648005386 13253.411284731981  
144 TIL 0.0012367936294153177 432.300257613752 0.264600292115196 8.380449396446492 12987.438705082506 0.0015839644035464209 443.199864695456 0.2767914431859654 8.181121389431546 11199.782879399849 0.0025223779148585293 323.03264891145665 0.27101774106603493 7.621446753842701 9305.742821139971  
145 TIL 3.9218362043030267E-4 398.8991751773537 0.1057096521494179 8.553596830482713 23125.191278401217 3.641441543574493E-4 378.77230231776747 0.10647452171342806 8.537081545391327 18373.463811682104 3.8918198291980474E-4 387.95188661938033 0.1065479384098793 8.525913942429169 17519.152934496993  
146 TIL 0.001098277990914643 351.3659644080252 0.21405968587532767 7.963144524483288 17575.407985512058 8.159880266124466E-4 363.4517910653168 0.21842170995137922 8.106543984789525 14033.55215333444 5.870854460005606E-4 358.50835906922987 0.18250456670945034 8.23492521801157 11205.108650090222  
147 TIL 0.002958747925448319 59.09166692147935 0.3850661265184198 7.257096170301558 8011.256656900194 0.005225055771177345 71.64979436766339 0.4050857080965332 6.918493113854993 7072.835236893321 0.004185328717929272 60.33953033268227 0.3660631375053909 6.736241566804366 5391.675095603939  
148 TIL 9.360190207500589E-4 300.5567782228528 0.17283238426356232 7.782118624697593 31723.500955544998 0.0010335285737625914 240.54269355430878 0.18291426419283535 7.554351189110401 15091.27585869415 0.0020131283278337166 166.10650073385634 0.2058814035021079 7.229274308341813 5372.33894164839  
149 TIL 0.0565482672553879 329.2624602495168 0.343997502166699 7.524749068496798 34788.23642978623 1.5973974859573783E-4 412.53019126101805 0.14792966347692466 9.43248870612127 27120.49148994379 4.1981152385075235E-4 467.12780928938884 0.13441830160087562 9.161664531690336 20905.01572029053  
150 TIL 2.994825952841088E-4 505.7746529476534 0.09999587085698883 8.857672468082372 14993.695267390767 2.1937960636020322E-4 658.3941146342958 0.09460199681644405 9.081771612235247 11196.540868523742 1.952470929182358E-4 634.8771480552878 0.08792292490901601 9.025403140498653 8331.458628665785  
151 TIL 7.2790327587141E-4 276.14568172089787 0.16975431728561477 7.97685830620801 28598.20218105094 8.297819787034586E-4 215.37008852128514 0.1809801208918833 7.7419521513947265 12793.971479759472 0.0019220268631709688 148.91532763576384 0.20581918677073396 7.376320477606104 4186.381710372369  
152 TIL 0.002263565721170271 94.86340738136349 0.32192498472653724 7.555009597582249 8571.412149748352 0.004115598738203803 111.4492837267639 0.35424153555020255 7.205580773357707 7277.179824099036 0.005380353266889904 86.46420927103891 0.3447629990924426 6.951874134921294 5438.82905937561  
153 TIL 0.00187257088745279 208.39713032045137 0.2999940823098865 7.936102064406596 10380.156993901908 0.0037376574762235256 218.56238915729057 0.32892993997363557 7.677645104360229 7987.439231077413 0.0032801249467697678 202.14017016267107 0.30448394320804095 7.406276450829048 6816.648343268801  
154 WAT 8.525049645663801E-4 63.40774064334663 0.15130036518133802 7.297519753076457 10117.537069615972 7.559530266279303E-4 73.31913145181028 0.1436702367323785 7.411745703157576 10630.67638778185 5.556765481059225E-4 91.73398513943249 0.12914010600679085 7.725495045435655 7319.943691314565  
155 WAT 2.1101739890223912E-4 531.8897382583217 0.11987637412382599 9.306360531919044 19735.38624122926 2.2803276518073407E-4 597.1802608243706 0.12221158434022428 9.306207476980386 13635.524473736332 3.535265917450684E-4 735.3207788038243 0.1146755970315037 9.004653360887433 11032.2975293427  
156 WAT 0.0017313963660543215 84.01475736912991 0.2158509779714388 7.07593190753152 10605.865807204105 0.001320287788242594 89.41548052226166 0.20306454840092417 7.284067800482961 18836.253497417172 8.497038199509961E-4 96.48970691658621 0.1759212354020623 7.67634688996876 23250.46637311965  
157 WAT 5.91709229393554E-4 101.64181369251484 0.12933238458702212 7.707921498982917 11920.927936205937 5.056426725084688E-4 112.8442698140907 0.12206148545560531 7.8244706611740416 12263.79469549382 3.968889800639464E-4 136.31027550146823 0.114434885978988 8.089691349170925 8780.19939350896  
158 WAT 9.214416796318447E-4 90.86126314823905 0.13992946036914677 7.349399729201073 14969.486408966246 7.98228890713016E-4 91.65459500366974 0.13596121035793038 7.452189034848826 20448.985437766692 6.026344851972012E-4 98.86500886741723 0.13069221698705435 7.727500043693867 14180.706064283873  
159 WAT 7.192865224937748E-5 1417.9826817820613 0.055094398761824766 10.044436040605477 25153.490416220724 7.829866973900075E-5 1134.1562003119056 0.05698842993936806 9.902196129075765 19567.602200282337 8.623827019676759E-5 886.8310107326412 0.06101412891829181 9.696579033601605 16226.615786054595  
160 WAT 0.0014456514784976766 53.746869648972606 0.21781490707874127 6.927159725485523 12047.677151028645 9.775605817980333E-4 58.38902733610581 0.20722566812797502 7.291290837745328 16088.369215919069 5.526121798688198E-4 79.686062866928 0.17916960507216165 7.988682065950134 13920.38980390306  
161 WAT 3.44164461764515E-4 239.8666523972622 0.11261393762525337 8.941187332465164 29840.762238921125 2.1698003189217686E-4 283.17414918664525 0.10122640716991325 8.998975596486904 28278.53959540058 1.6205634436627922E-4 317.66719285103 0.08828724580880698 9.138421971920861 24460.84320468271  
162 WHE 2.0805622811569138E-4 495.120665667815 0.11314584537144091 9.444903882183013 17182.030370406104 4.7305226314564385E-4 469.34753011864603 0.11697214689524087 9.08536177138592 9806.518995239661 4.987841617639961E-4 382.80889187867825 0.12168238038949473 8.679041317279934 6668.867365612363  
163 WHE 0.0016831654948381341 563.7399094912021 0.1389482578564586 8.7096572528377 11677.78589161414 0.00371170209026107 787.5077742783895 0.155184268126853 8.352827119437142 10310.701979315356 0.0017301654471995355 526.0303479696759 0.13256223735524597 8.302251602505267 7872.215755562558  
164 WHE 2.3606022371714866E-4 464.53064992050906 0.11040514818093153 9.382049648860221 15061.924099503289 4.78214034833356E-4 383.48200143713774 0.12184765092043436 8.974929343609348 9393.457622262496 5.67686575072135E-4 249.3516427654129 0.13760494092600853 8.646903740510997 5257.375845516947  
165 WOO 1.9136164462585302E-4 189.284598214288 0.12132519173925829 8.887432591929743 18249.0590755604 1.645096796805724E-4 264.7995581580278 0.11329390599481495 9.068360026113872 17362.856612789223 2.367578291331376E-4 280.95476088552135 0.10591444671704436 8.716875167956315 13039.833590202737  
166 WOO 1.9136164462585302E-4 189.284598214288 0.12132519173925829 8.887432591929743 18249.0590755604 1.645096796805724E-4 264.7995581580278 0.11329390599481495 9.068360026113872 17362.856612789223 2.367578291331376E-4 280.95476088552135 0.10591444671704436 8.716875167956315 13039.833590202737  
167 WOO 0.002307397903319131 22.26917196673195 0.26307222506234434 6.415564915446479 34514.487133496674 0.0022181658844316974 22.139902611301377 0.2608950622801359 6.445238617205551 27945.44865883611 0.0019382152473882896 23.32093169031316 0.2555596443684091 6.6180807990412065 24003.076175735856  
