167 19 5 
1 BAR 2.028735364465102E-4 118.7999097969672 0.13104682780869936 8.774582309092782 16678.445792509483  
2 BAR 6.323856206488288E-5 1684.433735170015 0.05028530130449771 10.126794421757111 21653.36190389596  
3 BAR 7.864763022336986E-4 594.4070564762834 0.19061758878075327 8.82555082774267 10821.939112052025  
4 BAR 1.501535469139994E-4 463.00796538649996 0.08576027140456466 9.2967517905176 6376.718961355017  
5 BAR 1.265805261052242E-4 1169.3918633806493 0.0767105811334187 9.720982046158978 17974.23635001923  
6 BAR 2.3090940872366427E-4 96.75005733243671 0.14473768552631308 8.672781262218953 13998.579151894759  
7 BAR 2.6107473643421675E-4 125.59516802226297 0.1856275023164019 8.907974532281878 14438.014861962452  
8 BAR 1.0957746054210009E-4 911.9404086656144 0.05909807272856858 9.633393984544412 15275.215354855047  
9 BAR 5.427030332774229E-4 65.29804075954065 0.17856385571229366 7.961434134503437 3106.3591363888254  
10 BAR 1.2670706861890772E-4 942.9911899156185 0.07678923200907714 9.644330918900827 15960.752929384167  
11 BAR 8.36568379790911E-4 321.367607937874 0.18323308621184517 8.848423300911552 8976.43351711432  
12 BAR 0.0011816456364457852 31.544478504158725 0.31838115705743586 7.509423464085764 3034.810287941324  
13 BAR 6.755126299580046E-5 1309.468853198393 0.05753989356943791 9.989752886814866 19078.726419456176  
14 BRI 2.642086431572247E-4 168.32278161692867 0.12500514710259145 8.709623448401704 12898.840902300044  
15 BRI 9.415373086584944E-4 73.2721570755877 0.20659726295428577 7.491364298571047 9650.142192140249  
16 BRI 2.8687389454608785E-4 290.20812821062077 0.08006132770274646 8.615464783994042 15968.996855167365  
17 BRI 3.6382833860342846E-4 285.13249908268915 0.185061908489069 8.893274591753029 11554.005500534153  
18 BRI 2.9531037378181883E-4 309.90131176615444 0.1538153749233033 9.032167125741177 8028.975708458517  
19 BRI 5.852571389597985E-4 61.226707742172785 0.20107160600312668 8.106611575739239 27434.215192388943  
20 BRI 8.296176575081562E-4 77.16432622920779 0.20066571890315302 7.60136209767161 11312.280099407497  
21 BRI 9.802694272213469E-5 318.5834989603765 0.08100530915397355 9.538148264769015 25626.89622356688  
22 BRI 1.7596281440240168E-4 810.3079630932168 0.08317414595001989 9.2591501447668 29035.426076145064  
23 BUI 0.0032538664840369045 396.8634341365078 0.28772257891787506 8.418839498808453 20172.53943976894  
24 BUI 0.012071827630243054 404.57419581703476 0.331470036054109 8.060102777493924 21925.248171486717  
25 BUI 0.0011228971276688504 42.318821856654246 0.34746254120374254 7.32108026326249 17269.035982704037  
26 BUI 4.215682179380913E-4 445.6494389065616 0.23366129820802906 8.69271485711036 14099.597374439469  
27 BUI 0.02620708022005359 330.9377369740805 0.3989528846896092 7.413942035375062 20467.05143336526  
28 BUI 7.71656745128893E-4 343.61301752079856 0.3040814081469437 8.380619471511956 17790.107337286932  
29 BUI 0.001237298397013474 40.986687408268615 0.3234516482069594 7.274000671475025 17461.49898817293  
30 BUI 0.004756890515043615 578.9209576810158 0.21949790052089707 8.43323677812365 24389.09448525497  
31 BUI 2.0401399683359935E-4 490.52623532290374 0.15300025901059042 9.125617136158077 25338.15554223964  
32 BUI 0.00125496602260285 45.11701168052871 0.31509801003460003 7.319444459961836 16740.794995143704  
33 BUI 0.003931036379734646 729.3953759478978 0.19965985744225317 8.948763395620496 17015.293301277758  
34 CLO 0.001548907890668819 12.051518927348399 0.30690159874504563 6.8311891607384565 18987.868782374102  
35 CLO 0.0021483584481816922 10.919963918786769 0.3178374979518289 6.5388652780941365 16242.668028846523  
36 FAB 6.261901798201357E-4 2470.9587665117638 0.10033678977249733 9.774902033396131 22516.011486527226  
37 FAB 1.41377117979123E-4 389.1431705601818 0.07221402304582811 9.239853329776997 14761.536520674283  
38 FAB 5.4047911653112965E-5 1543.3075846991296 0.04046153097188755 10.097976078095087 20172.090780937928  
39 FAB 6.336244575411073E-5 3861.16637873038 0.03615652007214824 10.212472869509353 14581.839787294786  
40 FAB 3.0301661126178086E-4 735.8169795743689 0.11155911409107033 9.170857998350403 14534.65957029553  
41 FAB 4.859813960583278E-5 1968.9476631299062 0.03980723342786952 10.22128694780999 20529.085884114473  
42 FAB 6.0818359793878934E-5 1935.4436116377206 0.029183525051703466 10.007234910652237 19059.1847311648  
43 FAB 6.154681049537807E-4 1867.9332191780966 0.11357493511255154 9.698475392687788 19309.56941928595  
44 FAB 1.798352899688125E-4 888.7484023361125 0.11674396722654176 9.35062915835877 17477.74908193461  
45 FAB 8.210578497220779E-5 2187.6090118945563 0.038905380956100445 9.875970323514109 11020.407782433398  
46 FAB 2.4385814681427746E-4 587.3221738931067 0.1115145654141823 9.149855137724849 12567.557220586708  
47 FAB 1.2948223856453146E-4 1121.1877178632683 0.04004397599646371 9.328159424094599 11131.070998274536  
48 FAB 1.5707657067388795E-4 367.6296018835662 0.07511738162113614 9.143219349775181 13493.212705071419  
49 FAB 5.0256457188142645E-5 2768.670101516604 0.02466596210087398 10.174817209004788 21903.45822909268  
50 FAB 3.443668246021103E-4 397.61149247799074 0.10319542743140245 8.619315887419562 14614.477172404755  
51 FAB 1.554727443841198E-4 563.1883217649251 0.0633560664118511 9.204201748773356 18538.84710939658  
52 FAB 1.9096393123487404E-4 1612.9884035592054 0.08392026299211243 9.580022731174106 19094.22084135547  
53 FAB 6.904821038573023E-4 1833.3653566842245 0.11710897852763014 9.64898502058289 19841.362270025256  
54 FAB 4.149004997623829E-5 2471.1652053265575 0.030063126085494028 10.33049569029476 20752.81435574118  
55 FAB 3.3062295190807773E-4 505.339931659745 0.09777029350293207 8.713881384900297 14988.974608161054  
56 FLO 6.325520747471714E-4 1327.2835968077488 0.09916996353470814 9.60155410875179 27303.734635609075  
57 FLO 4.504356302613401E-4 61.773078216732216 0.18785050183002 8.154962826698686 37972.33896185877  
58 FLO 9.084898444488674E-4 239.77732463919025 0.1937415261183679 8.356215048192208 5134.005477261659  
59 FLO 9.395873092673329E-4 88.01602632705516 0.24374656622334584 7.936723723569541 4723.20115678286  
60 FLO 1.6041649246594054E-4 599.3501941658601 0.11146976402219307 9.320603803893082 32982.51223252266  
61 FLO 4.477026801107531E-4 158.753428479699 0.20906116522365245 8.356107760164793 30890.74210157936  
62 FLO 1.7468511776807223E-4 445.2785935971214 0.12983282489857279 9.209974503692 14839.494018011474  
63 FLO 4.2592489173518466E-4 86.67696612035323 0.2365192730904756 8.288726431321598 15946.30587225408  
64 FOO 0.001239875031659944 18.405508500489375 0.4083191874469471 7.471486135561575 5266.863591728773  
65 FOO 0.011514818689685236 1056.7564518101829 0.22784433590104813 8.543898288203977 20633.297871553725  
66 FOO 1.6018342166665924E-4 378.30675911204514 0.14365408567944193 9.236716812319454 14710.142127932902  
67 FOO 1.2783552046914925E-4 1506.5525318003988 0.05057179660608713 9.667485150551919 13779.845857216018  
68 FOO 0.0019654140574455175 7.300433433219173 0.526939956890734 6.869996745602892 4465.194345746745  
69 FOO 2.9847650779481075E-4 504.454095829264 0.15505592526561188 9.223384202637655 15697.304256034397  
70 FOO 2.9847650779481075E-4 504.454095829264 0.15505592526561188 9.223384202637655 15697.304256034397  
71 FOO 9.046244103846214E-5 864.3825602372912 0.07348118159329987 9.747730439166437 17530.45469081471  
72 FOO 7.736221715453794E-4 952.0522374938928 0.13331131138053753 9.130329277523403 8546.12875028019  
73 FOO 9.25998437273982E-5 1090.2666913833525 0.07321552651097374 9.851927582241984 18711.09545796249  
74 FOO 0.002047364461884652 1184.4725071856888 0.19607277668892564 8.861071879302159 16962.22779412941  
75 FOO 1.6179125080204327E-4 387.995780332691 0.14201707346375408 9.235338849479366 14720.067273839803  
76 GRA 9.693291242243291E-4 3756.047914628125 0.07071605746745699 10.117931118992718 24783.46492332521  
77 GRA 7.764382757007702E-4 3146.2637024522614 0.0689538422042196 10.092312645353669 21869.84789281729  
78 GRA 7.371125672721635E-4 251.42473397749893 0.1645420920365759 8.387898139552663 7012.874703638759  
79 LEA 8.384742310087076E-4 696.2299489359254 0.20262702442358324 9.028453568333992 14383.367040588628  
80 LEA 8.381096214434036E-4 68.13442545254513 0.28139679610559293 8.06853958038766 5106.670433047063  
81 LEA 8.517566661783363E-4 397.49367432119226 0.15203784303926088 8.823605421742178 7568.352058859357  
82 LEA 4.822036155473954E-4 1328.7262070389174 0.12182299712390554 9.514527917765959 11115.27694614802  
83 LEA 1.0414685540522068E-4 669.6358320083283 0.08285277805227632 9.7426429518259 12735.437249412556  
84 LEA 2.8226247030407853E-4 496.80382369130393 0.14511261552935506 9.11082820482169 7178.381271862599  
85 LEA 2.6939066281578175E-4 219.9293549718734 0.15384569421808642 9.042984995679008 11439.46534998062  
86 LEA 0.0019505616302579409 18.58920162671241 0.35822016242948845 6.746135824979527 2473.4011038433773  
87 LEA 9.7604370783333E-4 553.2361867049989 0.2278878650127382 8.679510507353994 10472.550300713512  
88 LEA 3.88435758999268E-4 802.9977640349963 0.12397359597161033 9.194315100407204 12598.564210376  
89 LEA 9.133769098992506E-5 851.8598527703031 0.06818735293596107 9.712235950102174 16491.981084551935  
90 LEA 9.586432502755545E-5 1288.8006704073123 0.0624505316216492 9.99033169470949 12355.505665699966  
91 LEA 0.0011616739203258702 525.570121391882 0.2137886113211868 8.816381253781017 8513.223767078567  
92 LEA 1.5141774490102464E-4 1585.3506986913133 0.08125326778210934 9.942110183781038 14692.248934153833  
93 LEA 6.09028782721193E-4 40.80794016022591 0.23742177704794412 7.872306754146393 5005.46234886964  
94 LEA 0.001515948167666133 446.5925421966836 0.20684096998720938 8.542932093740227 8426.463744092922  
95 LEA 8.544299826944857E-4 578.5270150440402 0.17319503965486296 8.763640633950047 8050.0796719285745  
96 MET 0.001073935810172206 1893.9608916340264 0.10522067347527254 9.255727760104314 15444.859906091047  
97 MET 0.0014587025375031467 1688.0356378424635 0.13449813444804132 8.94656431407349 14443.07725248178  
98 MET 8.601124749272133E-5 2985.3490245841076 0.033049707763121355 10.09428230531729 18343.890451130545  
99 MET 3.316694769034497E-4 1857.4943202666147 0.06831654727148238 9.48578637647575 16992.88593742892  
100 MET 5.097920456509982E-4 1994.086243272987 0.07004305008435815 9.551186115584631 18519.022390769685  
101 MET 4.765409622362686E-4 4158.112730858569 0.04724715505572524 9.836012214054975 20556.84022935469  
102 MIS 4.8515567036455794E-4 160.12646006604797 0.1264002468542085 8.21798258716822 11708.547600016916  
103 MIS 6.739212504728433E-4 140.5632147443736 0.13058140171075297 7.910477772501876 11013.528140469523  
104 MIS 3.43467849755324E-4 858.5637918909061 0.11180953492845927 9.195711501857481 6859.227367124068  
105 MIS 3.227629700948406E-4 496.36209637965743 0.12219522461253664 9.009442036581582 7067.596823515041  
106 PAI 5.214376383588468E-4 96.19479650807385 0.21332164327315659 8.25701146062625 5484.214775483375  
107 PAI 1.4690598274968457E-4 348.24080005504817 0.08420499609193427 9.176036642241 7158.920031083471  
108 PAI 1.7775912789606694E-4 362.22760977251465 0.10234455757491252 9.129247220769011 6972.978564620277  
109 PAI 2.042259723442807E-4 230.22209821428822 0.11103207242570397 8.967818958192634 7110.237611660476  
110 PAI 1.603986111409804E-4 573.3217916768582 0.07145889831110298 9.200896406554746 12915.730574250165  
111 PAI 1.4874010414284662E-4 266.8745451626742 0.11314802663595186 9.181058230164231 10090.537580748203  
112 PAI 1.7816481776041445E-4 200.28813753669408 0.12391122810237422 9.010286372745202 10397.30077812718  
113 PAI 2.2404709965861955E-4 416.1277443126331 0.09181511103744 8.972663494265595 13958.93457147721  
114 PAI 5.290968935340719E-4 47.67286494007017 0.2566548478721617 8.19086829591848 7636.155965363459  
115 PAI 1.1936880075732633E-4 359.5551576259887 0.11167443580422083 9.441323029636079 13226.418364065908  
116 PAI 1.931414500335748E-4 194.00631039016793 0.11807415382465886 8.996766134486622 8548.817160993493  
117 PAI 3.618351552282E-4 142.38643973214315 0.14414749670429428 8.661595344017265 6559.805702140513  
118 PAI 1.5127635971894318E-4 253.11075097847518 0.09344507262364789 9.129885002185937 8684.277189816798  
119 SAN 2.843454109184157E-4 218.53316872553867 0.08950310864400482 8.479186689858468 3008.556705267247  
120 SAN 3.8089179746513306E-4 111.22183830724128 0.1251722485940645 8.193053375432912 3162.855614236957  
121 SAN 6.342057466909711E-4 447.3829539200231 0.15482677068490494 8.86761392131437 7354.003476052912  
122 SAN 7.287739094023215E-4 193.05806246942473 0.19295497620767066 8.595168730432412 8192.743126101073  
123 SAN 3.045827465235485E-4 154.33870474559714 0.10167443597246789 8.415074836779416 4866.861977564561  
124 SAN 4.3057088069509294E-4 83.60846914750532 0.13952517359795152 8.0685820918497 3238.528160168229  
125 SAN 4.966747497766192E-4 85.26822789261323 0.13735053389004354 7.921213533494351 2447.853093573745  
126 STO 2.280937720541015E-4 211.81240826810597 0.11818816559589757 8.913853494400833 8610.76058971786  
127 STO 4.8752161508582785E-4 87.61874694227046 0.1440975643432475 8.164254478959787 7939.8468393405  
128 STO 1.8768460726629736E-4 630.4115780944214 0.05923406549473372 9.035427563907804 14152.540175644359  
129 STO 1.6724134424569076E-4 771.8173579684392 0.05259668410807578 9.165071798592225 17736.410300478146  
130 STO 4.296201318160374E-4 78.23949669765206 0.18856103075715971 8.134054065014979 3856.9302555522045  
131 STO 0.0018025028279698098 233.61525348581887 0.22177107834521448 8.584342377219917 17695.454138906574  
132 TER 0.0010319411094695204 38.0823179121825 0.25945116263283957 7.42808808355563 1975.0825430355826  
133 TER 0.0015756874245608308 65.73145104574478 0.264326260042194 7.340943411568868 1904.9156548838541  
134 TER 0.0010880515676767034 47.787346349070916 0.2247120962838292 7.3585211536874 1425.2430569086005  
135 TER 0.001050645764252635 40.96276449364052 0.24444867433740464 7.505987919614799 1889.3125648694233  
136 TER 0.004189313097864256 22.227705326565715 0.35257702664859253 6.83272945603848 1318.4941491486725  
137 TER 0.0012301681018169416 29.511539108366154 0.2689155207364179 7.391142432943802 2216.49721726583  
138 TER 0.004607806429139434 25.753011863992427 0.34822706102097667 6.326268178571127 553.8910421402434  
139 TER 0.004987039061704636 60.372316841977145 0.30820199103013296 7.396293240920691 3052.2162046436742  
140 TER 0.002129224524728263 39.58038007583229 0.27486136507528264 7.15368954283427 1219.182600617026  
141 TER 0.0015177916095542286 23.356038252201806 0.30324100535907156 7.01329836782211 1603.4312078643845  
142 TER 0.0010532165261110376 33.08725614603729 0.2698019031049728 7.393701681666276 2422.21339359612  
143 TIL 0.0038515054471199607 159.09144905822123 0.24919087692870381 6.387145973175582 20764.934845567863  
144 TIL 0.0017853768136885737 417.0418259234427 0.29730984495495927 8.132480011458247 11299.500920066657  
145 TIL 4.2952718983125854E-4 385.4429542257894 0.10681321792262566 8.453335939869298 19675.990023801736  
146 TIL 9.980590373396157E-4 353.85482280455466 0.23743002687528977 7.985804049470041 14684.505808759854  
147 TIL 0.004632775099049277 64.68568829501096 0.4194164466046548 6.9452546854436745 7124.120157674354  
148 TIL 0.0013496831379196926 244.4486912915883 0.1866695965189753 7.417627514572564 17891.256851978556  
149 TIL 2.0224637526984076E-4 366.8365108243747 0.16743539192220738 9.279636556675678 28293.060410456605  
150 TIL 2.448169598202891E-4 600.6224315068534 0.09997245667449266 9.004288082268845 11886.275043327361  
151 TIL 0.0010731749188904482 220.509364297948 0.1855765745026074 7.629681610334906 15474.427950808109  
152 TIL 0.004146906425461656 100.2237952544058 0.37799079395102153 7.194160516228789 7386.416512952384  
153 TIL 0.0028311204068615743 207.13592756237853 0.3398554920165641 7.689963754131046 8365.400235407938  
154 WAT 7.774585338478842E-4 69.23041141756362 0.1473660869860716 7.382395235444325 10065.312996010503  
155 WAT 2.2536073424997085E-4 587.7073446673267 0.12336609021967544 9.321232675780601 14974.181890547188  
156 WAT 0.0015503952253856715 85.5963834699126 0.20760334321495783 7.1910812464918115 16528.289514801385  
157 WAT 5.888614238697876E-4 107.59265686154612 0.12700282578556485 7.73044812624725 11733.277449262187  
158 WAT 0.0010110759698950193 91.73879341976577 0.13871247945688855 7.298205576548067 17975.762341573965  
159 WAT 7.412598075117633E-5 1177.6860361117992 0.05614096845532165 9.945013361803948 20753.47575623644  
160 WAT 0.0011191712088441908 57.914838398972876 0.21156814393172008 7.214541409291938 14553.428460527868  
161 WAT 1.941280492161021E-4 264.63674168297683 0.10305953485392852 8.995389741597636 28276.14455731361  
162 WHE 1.950738894961378E-4 438.25989175636533 0.11029325071498688 9.41510473430926 11176.56613176366  
163 WHE 9.911331794476605E-4 645.4736156127791 0.15104048032663103 8.898086184047354 10281.176544598295  
164 WHE 2.2616016387749547E-4 368.7049481714817 0.1143198732422812 9.26085704271422 10237.514711730175  
165 WOO 1.272913964256887E-4 232.0305658329306 0.11527370655129696 9.314421324451228 17055.868306689048  
166 WOO 1.272913964256887E-4 232.0305658329306 0.11527370655129696 9.314421324451228 17055.868306689048  
167 WOO 0.002531456982296761 21.993139218444345 0.26378369887964914 6.37209197678445 29373.542542222993  
