167 19 14 
1 BAR 0.01014128011684079 2.715651512145996 321380.4182796075 1.5002055561724062E13 0.5407495462366805 29.512940406799316 93.6860585228466 3.659176503285911 4.841071437591401 1.299073653691296 1.4079911094138284 -0.3768116790424367 0.9437142482536554 1.054219975049778 
2 BAR 0.0021492080159077886 34.63945484161377 2005940.0517375742 1.7867996429125625E13 0.2390234224706399 32.19397449493408 192.53312258600985 3.985506841020271 6.342560395666958 15.941857916841201 2.5300503154871126 -0.1091789634724731 0.7071166124849951 0.8654627584277926 
3 BAR 0.025880895368118217 12.517743110656738 139586.7096946542 5.095289084199511E12 0.5469757050410025 17.192410469055176 335.94770372328173 3.6845114056765227 5.00819736451903 8.730846920103703 1.8452479046489767 -0.3507559541538644 0.9364250414046075 1.0648961087421025 
4 BAR 0.008389258607621741 7.542660713195801 119451.83085254172 4.338772719146719E12 0.43008215940663636 15.869174003601074 105.75796314284261 3.643324638400278 5.210961457466895 3.779709411038567 1.8350161923934953 -0.2551181462325323 0.879976545279464 0.9840834666839757 
5 BAR 0.0044546395820361795 24.63987159729004 815342.0458373647 1.3749632637136637E13 0.32910045366690005 28.249616622924805 218.13565203581027 3.9428664930293316 5.973176766798041 13.430272130101205 2.312525534074623 -0.18400416487537838 0.8308023525507662 0.9683409028195729 
6 BAR 0.011101423912350583 2.444024085998535 247420.62170571767 1.2378567068869139E13 0.5566011205621539 26.814181327819824 90.89165704494076 3.6503304813327997 4.790179109523606 1.1790434774461342 1.366759343401609 -0.3889823430488998 0.9473905090028386 1.0122225666293982 
7 BAR 0.009113469753629033 4.773648262023926 940543.363574842 9.84115541942522E12 0.5275979401204209 23.905919075012207 269.2611621995245 3.994854139518304 5.274174837078127 2.6777663029151175 1.6224436749117894 -0.4127863924049124 0.9659653439620616 1.0165100155220856 
8 BAR 0.004827736625884427 19.314127922058105 283341.83871230984 1.298179056150295E13 0.3013507801584178 27.441964149475098 100.8497483648552 3.687991945622427 5.800198151132455 9.351277968246553 2.240048944668519 -0.11668532354513904 0.7033706809370308 0.8551090641096512 
9 BAR 0.027555436991860915 1.3954553604125977 21847.25722974264 2.196925082736701E12 0.6565709445115853 11.289555549621582 43.01241672175295 3.2076703170342613 4.011654238004937 0.7636843416049085 1.1455553228887017 -0.4214434033581453 0.937571807866884 1.0167290465185905 
10 BAR 0.004503934302192647 20.682705879211426 541330.397198893 1.2524092458638299E13 0.3341401176955643 26.96903705596924 174.97995550130517 3.883307014429412 5.890211070108579 11.140082925760689 2.2367414848224954 -0.17591414824870658 0.8164292923319425 0.9360789879216224 
11 BAR 0.019357457797923416 12.249720573425293 133192.96150946378 5.005627826688305E12 0.4504151371640767 17.044623374938965 204.5957366243965 3.743655653311917 5.310782073843516 7.053716248405618 2.009134245324443 -0.28234424702039107 0.9050342097107525 1.0144715380869862 
12 BAR 0.038504399661633215 0.8236579895019531 26814.493182579914 1.8311219503092927E12 0.7668683440613818 10.313253402709961 62.37584556948082 3.2486177988114053 3.785481576717623 0.5560211979201286 0.9376443008179701 -0.5668671658658276 0.9738445799988282 1.007477928835963 
13 BAR 0.0025217892125510843 28.25132179260254 1200229.2758801624 1.5675140305081592E13 0.25975000756525485 30.178756713867188 170.83773303622502 3.940582349654313 6.218733409375288 13.028140799637994 2.4368342040161535 -0.123168412589818 0.7351237364826516 0.8880539930836626 
14 BRI 0.012526512403837842 4.444745063781738 131214.0184964065 1.0898377335891496E13 0.4956922974142158 25.16199779510498 60.42239350519509 3.4518393882189935 4.845783359918368 2.301320276021337 1.5827896640478447 -0.26666004593273196 0.8759861488124774 0.9979110329155253 
15 BRI 0.0423111704085386 1.3748321533203125 40131.96715061305 9.12701602694072E12 0.6786487536700802 23.019790649414062 15.04341437006645 2.7502160915163714 3.563103184520231 0.8095915061767318 1.1289753672440586 -0.3147497628115315 0.8539015464506213 1.1986716701647724 
16 BRI 0.013891371523186535 5.585482597351074 108461.26084690946 1.5019495602791344E13 0.4164984146880969 29.52597713470459 37.32500800966964 3.1435526393170803 4.6987754120579455 2.4144094781330874 1.7032862393054693 -0.15024187055826507 0.7209684723368746 0.9806397254127857 
17 BRI 0.017876079258712707 6.269980430603027 210537.41387958752 6.179115022978478E12 0.5830044271134257 18.944363594055176 271.11697222511617 3.816091531016505 4.988663777719851 4.288805722854622 1.6002589021755051 -0.4158958706944053 0.9614690388035045 1.0424150796917415 
18 BRI 0.014465011257016158 6.832089424133301 141172.4195009455 4.2782848416481094E12 0.52289875661771 15.761748313903809 162.7477906733462 3.726655484173263 5.085844659507192 4.222055280062095 1.7193530102205272 -0.3460370788885061 0.9362530184954114 0.981643731175358 
19 BRI 0.020935119528985524 1.6116037368774414 336698.8415289835 2.5479024958776777E13 0.6641753751622659 38.46654033660889 123.3784357648118 3.565596021709402 4.4011473853542515 0.9734155410747456 1.1504595300702278 -0.47994593016175574 0.9673542773547944 1.012451269351038 
20 BRI 0.036447958100325195 1.4903907775878906 54535.02413254791 1.0730672752917746E13 0.6680354533086454 24.96219253540039 18.49183866349984 2.8524820587050574 3.6992267489460806 0.8715296513323922 1.155741374417749 -0.3249714084195372 0.8693308998132168 1.2324805698608763 
21 BRI 0.00572959819010066 4.662640571594238 1405828.7067283853 2.101391873973051E13 0.459084912655804 34.93002986907959 213.39841166728422 3.992618338969264 5.421768719895736 2.1986301172211613 1.611147830373667 -0.36848398082008466 0.9540423912864384 1.000483343256424 
22 BRI 0.005695412715340353 10.746261596679688 843473.5200455422 2.510634989247554E13 0.4004063417280248 38.1856689453125 168.04001080901702 3.8640634534041016 5.593427204611219 5.984123898776983 1.9061974840865852 -0.25551638497876517 0.8934793767400416 0.9659069817980714 
23 BUI 0.012980639626675838 12.47304916381836 562042.151092909 1.6132320467433148E13 0.5655258999890928 30.573890686035156 247.22182195585572 3.7867380704778397 5.211858834608865 9.058163951853992 1.7770596925425661 -0.3563180407574082 0.9442799541844099 1.1076812418511661 
24 BUI 0.020515593561867718 12.370989799499512 495744.85650937323 1.71785251635073E13 0.5885114158737454 31.549227714538574 283.8995064187955 3.712659407690946 5.074566864590083 9.16337534923085 1.7471212704383592 -0.3794779512977325 0.950614394027976 1.1096240258398793 
25 BUI 0.034858336432535 4.052789688110352 133391.74803400444 1.67567400671825E13 0.6833170576770594 31.193214416503906 61.744529455680826 3.206492925950451 4.143510811013823 3.017478848852502 1.3465073467602493 -0.40570753461363535 0.9353449055789433 1.121694332887275 
26 BUI 0.011736506417037162 10.635967254638672 285773.5495906547 1.0623933378603414E13 0.5621298980408352 24.832015991210938 159.11729005710552 3.7398956543093616 5.152567983824103 7.695839841743194 1.7246080713519791 -0.3401761887986109 0.9351607505445597 1.019232988068613 
27 BUI 0.048933273842521885 7.523847579956055 194705.11408210138 1.444162748657513E13 0.6668272022305948 28.958553314208984 363.01862092034935 3.3574768603890206 4.4331946542054945 5.860593212169503 1.504210356884442 -0.4375991851810606 0.9558835288072052 1.1762937153601618 
28 BUI 0.014139294436517957 12.782349586486816 454796.196067118 1.327411481395409E13 0.5821560768690287 27.737475395202637 260.80245939500406 3.833635445464475 5.213927545885992 9.583425482528275 1.7327475135108037 -0.36664190632457194 0.9487246395800878 1.0371410410275195 
29 BUI 0.04391016908493839 3.082090377807617 107608.4927097951 1.7022746598025643E13 0.7090912623942353 31.43038558959961 55.52271096409217 3.106906309936889 3.9351259711983153 2.3180353555655784 1.2412392600878572 -0.4255021968305342 0.9366183095978142 1.0893961452127348 
30 BUI 0.022644168192528014 10.523872375488281 231258.3591843307 2.235023974403431E13 0.5381789029268296 36.00680351257324 127.80380961725103 3.43464225777331 4.849185304551978 7.16528683422025 1.8067691162410142 -0.2839723355452572 0.8901304752698145 1.2248491390995733 
31 BUI 0.009822591717238538 8.259029388427734 575338.3152971345 2.34204742697099E13 0.5201051218268534 36.89058303833008 124.24628921913751 3.7217966802390623 5.198206202316973 5.208450134486692 1.7683052061871964 -0.31557294496000277 0.923123099133176 1.057484161147655 
32 BUI 0.03980145385048672 2.009190559387207 116331.06446519528 1.580727832372554E13 0.7276796266270892 30.296114921569824 90.5395813506992 3.1790084381585215 3.8621998095020995 1.461604451456542 1.13184876276888 -0.4822169311704484 0.9547054503931522 1.1637269869267817 
33 BUI 0.01165215221044491 14.913958549499512 468569.13096821675 1.310087396560809E13 0.48920347555292976 27.562615394592285 232.5935218001836 3.7797014046521826 5.416594548519353 9.70963454160209 1.998215221410947 -0.2821198034221325 0.9082171424416347 1.173839134402553 
34 CLO 0.0738567570892883 0.38730812072753906 75926.03093766187 1.874380587600762E13 0.814651881947237 32.98786544799805 17.075046397054283 2.6749010954190635 2.969872691898132 0.251056441719948 0.6974742999250966 -0.56120085291715 0.9481549465396883 1.0356012409381516 
35 CLO 0.10621382025965431 0.3626365661621094 44720.851359059474 1.6421906849589635E13 0.8246605005738961 30.8726806640625 9.807022625372412 2.3900403979692526 2.6623188000931384 0.2413273695046635 0.6779461184083865 -0.5113614728535767 0.9143510049949851 1.0372781163027516 
36 FAB 0.005637338922042545 47.628750801086426 990124.1485728921 1.5418981455597848E13 0.2993068167019708 29.907111167907715 314.879956406353 4.00847540965449 6.155671460661833 26.152392196366133 2.619977829766022 -0.14323923027423854 0.7732073458361811 1.0528473540176166 
37 FAB 0.006587976885839453 9.631969451904297 185210.90102167765 1.152573470992126E13 0.3513609161032437 25.86203384399414 73.82650679863063 3.5389394824125002 5.349729303100529 4.207445154329116 1.9438616646316584 -0.15936078151725835 0.768304762301108 0.9188743651536804 
38 FAB 0.002532684418838471 29.543030738830566 793564.419396876 1.6238197054917936E13 0.23091382372829453 30.701842308044434 137.71804342196245 3.8475915037747694 6.182511618101527 12.471187651745675 2.4672527998030462 -0.09211549822574504 0.6544073811116523 0.8686371315589181 
39 FAB 0.0033695264010020765 48.527785301208496 428392.97575876705 1.0509542586557213E13 0.24456250154167772 24.697169303894043 171.69682007888647 3.85263210088544 6.2136660615643535 24.21514116115207 2.6657088560434836 -0.0722299725259718 0.5900095347348806 0.8200421178870929 
40 FAB 0.0126299895637203 14.190628051757812 201438.06350135372 1.0826436751641727E13 0.4761555172477503 25.064319610595703 117.6799261735237 3.623665984671174 5.240222111911265 9.50625212845162 1.9288199480202388 -0.24514159411635913 0.8720490625176087 1.0614910080503535 
41 FAB 0.0022154363123263465 37.35507392883301 1017803.4503526106 1.623396435529234E13 0.21780683092548628 30.696535110473633 151.38320774007087 3.889760768543041 6.317576575379287 16.097166240925638 2.5769091010410334 -0.07872390686723396 0.6170333503384813 0.8161289728857019 
42 FAB 0.002851382315839146 38.07184600830078 408011.4748732358 1.7076428690577469E13 0.1818160435138636 31.480045318603516 78.85435979913157 3.5864248320458545 6.096357757243577 14.166255314732277 2.587776424326342 -0.022096008592253157 0.3086509367890792 0.5836432570099186 
43 FAB 0.010780360306853254 39.86258602142334 571893.0538496153 1.2602480078403527E13 0.33982629715122614 27.04253101348877 297.422014140789 3.9487203227532226 6.013434719628194 23.098939510720484 2.508614407559328 -0.1705490703872769 0.8132160215444599 1.0063307976589237 
44 FAB 0.007503296793402114 12.804468154907227 712519.9883892223 1.3677024485413879E13 0.5110626059366096 28.158994674682617 174.12608600033155 3.898514307322385 5.472644474077669 8.842696529889317 1.8452269350629267 -0.3120242274393781 0.9287937585960548 1.0192576616130968 
45 FAB 0.004795187528088718 27.752341270446777 188148.94735773405 8.3013189026649375E12 0.2855513361320378 21.94832134246826 112.65061487129938 3.665470694573235 5.833231857571002 14.012846219764837 2.398471536126288 -0.08854250037438409 0.6295220847436983 0.863236736782928 
46 FAB 0.012707600987596379 10.862798690795898 159468.99921692556 9.169116690573912E12 0.4928784151405625 23.0679931640625 105.47970978919992 3.57929859166316 5.124777044594706 7.197204771538764 1.8278174740084594 -0.25823312525843356 0.8795044327583577 1.0330209703065694 
47 FAB 0.007314549054626696 14.832987785339355 102485.0109096463 9.85837892674732E12 0.3106401885838549 23.92330265045166 38.364073592436405 3.2350291538192675 5.269452365826227 6.6387178554648765 2.138399787409459 -0.05116390629467363 0.46616490534276417 0.8187505016846974 
48 FAB 0.007677467118810455 8.052358627319336 150965.5519465477 1.0568884121550625E13 0.37526619051763804 24.7668399810791 65.85708885792118 3.4833466091708463 5.204834843834075 3.5344004716312267 1.8653013851526592 -0.1720636303603162 0.782246278078915 0.9643365043388954 
49 FAB 0.0023316144843192887 48.34241771697998 597859.5082802577 1.9680292571369555E13 0.1621609941591657 33.7975435256958 88.92420415030823 3.6474015858538387 6.259048346258174 17.694704976266316 2.70145008287109 -0.015524624271401702 0.24324839456417355 0.5234171992278722 
50 FAB 0.018849895999210275 7.556853294372559 86724.72501550152 1.169159501538234E13 0.5080952464584395 26.046746253967285 36.56479869678907 3.143861014409451 4.593309016225428 4.755598066835406 1.7087236527391307 -0.1889451499939961 0.7777810714037815 1.127958826909077 
51 FAB 0.006737591418186639 14.205737113952637 231757.3053859373 1.6982561064908643E13 0.3199230043360381 31.392918586730957 70.966976634862 3.4742133898286625 5.376244388804481 6.526612922552716 2.111965272228712 -0.11328472996582648 0.6766589125167061 0.8790641109634609 
52 FAB 0.00751618900358153 20.85055637359619 662434.6060331049 1.4828097201705838E13 0.43861865926119853 29.334280967712402 200.66942982388292 3.8937408780949 5.705265614731204 13.78550563161648 2.1043727677609634 -0.24221660078103394 0.8856625167864751 1.0429127013989674 
53 FAB 0.011731493522802339 36.0759334564209 581523.7351811788 1.3190042849245441E13 0.3496468281785623 27.65500259399414 302.5972668372901 3.940016040115207 5.953128065262939 20.955114993915537 2.4647353411771737 -0.18421592338093112 0.8303526231124034 1.0117774733602363 
54 FAB 0.0019817367169707722 43.69442653656006 997526.8626208078 1.7670511334898184E13 0.1848753311981705 32.04345226287842 139.392108809921 3.852694210091058 6.3963331137272466 17.220652122852066 2.6560398188012777 -0.05156948143072875 0.5092012042650862 0.7197828871354182 
55 FAB 0.018629519474870904 8.525129318237305 85030.0767977888 1.1597040834114006E13 0.4997554582826454 25.93911361694336 38.1675637159307 3.1554811902512796 4.644429217632981 5.409564808321434 1.751327742203549 -0.17684486940357785 0.7625892330011288 1.0710989956751342 
56 FLO 0.005558944811127731 25.57322406768799 770100.7167495993 2.4819844592440555E13 0.3519690503494536 37.950196266174316 144.13309163276682 3.799558425054357 5.839662482983051 13.899486160182205 2.3492186920067573 -0.14242327053119014 0.7591235982760997 0.9752963469592182 
57 FLO 0.018923207170701062 1.4305496215820312 530825.7629850509 3.766633415953168E13 0.6634930382013495 46.75787353515625 88.39238917529838 3.5203050617680987 4.342518134641383 0.8147381396714246 1.1377309954833768 -0.47422433193177427 0.9646107713978855 1.03246313299368 
58 FLO 0.03836483840541405 3.4930572509765625 22338.29273959943 1.8628738416912852E12 0.6105552967602529 10.40102767944336 96.32420713980842 3.2233769947050965 4.218254360627039 2.1948822312352254 1.458983463390593 -0.362907028382161 0.9171609452406703 1.0952856510389823 
59 FLO 0.045913523078070284 1.472360610961914 20627.99843655077 1.896237698739828E12 0.7046235007529871 10.488180160522461 77.57813987832567 3.135296139863279 3.8385282088758363 0.9519148197001291 1.1459847694196934 -0.4690412218470816 0.9497304050303876 1.077596457944341 
60 FLO 0.0069809647920919815 12.169236183166504 834566.0804818557 3.1115734158826098E13 0.44934178009574344 42.50574779510498 140.19046389530394 3.7590901325385966 5.471758313259215 7.338697656071608 1.9535743900137534 -0.23671876000830377 0.8725615802184647 0.9963882078534538 
61 FLO 0.016899632536478748 3.4352283477783203 471587.7216689219 2.9939145753299312E13 0.6388215787952755 41.67946815490723 94.13618654649311 3.567120182311585 4.620143064488973 2.34163656765918 1.37817569561642 -0.40841877740313537 0.9504733433026107 1.0485913366898703 
62 FLO 0.006859238640117837 9.705392837524414 653118.69206345 1.3870780916941973E13 0.47367170987687296 28.37584686279297 172.419179901582 3.8341839282764476 5.434330670984299 5.777348709691809 1.8759074868086933 -0.2858453570835729 0.9113533729941437 1.132780826891861 
63 FLO 0.016194517521398666 2.1030311584472656 414479.86919821816 1.5929192930911422E13 0.6779312783225585 30.406068801879883 141.7873213283725 3.6887575188124404 4.566541819618748 1.3957795698573583 1.2370759291184938 -0.49058788379077234 0.9730173383198046 1.075785682719555 
64 FOO 0.034414386588196066 0.5773324966430664 56024.72267579369 2.8626618744004355E12 0.8047880915072287 12.890746116638184 83.5056693707049 3.3874406014727674 3.8238336920430007 0.4036636661600069 0.8302343497667574 -0.6359463208461338 0.9852779538780995 1.0054239105570633 
65 FOO 0.0244819754452692 22.532867431640625 253068.74221037325 1.1649153179756488E13 0.49975686210211934 26.002347946166992 468.7511399996814 3.7129340897987864 5.186010838954334 15.950735672654384 2.0595594759520277 -0.29185011074217915 0.9076775719967 1.1509483443708508 
66 FOO 0.008063280021360697 7.939343452453613 446828.0672797751 1.0465092731115111E13 0.5273646491389666 24.65732479095459 154.8841731520286 3.8430094446483056 5.293435889870193 5.230920364476847 1.7088258512371544 -0.3353414957113239 0.9364754982075569 1.0216252004959618 
67 FOO 0.005161301352472947 26.305317878723145 219531.9840113946 1.143483290804732E13 0.25861852241435734 25.762282371520996 82.9954472282962 3.5231877836854943 5.708525070042512 11.293733274701383 2.419731940175358 -0.06075941459207974 0.5255471934660941 0.919918125731293 
68 FOO 0.05077976216125535 0.2249298095703125 37993.57611409839 2.4906004149203354E12 0.8973015729118793 12.035661697387695 64.62135220368519 3.144129636187913 3.3251569972196164 0.18328537838626408 0.5337726141878709 -0.7583032184254981 0.9910728098812223 1.0032585974312263 
69 FOO 0.007226020267353306 10.597624778747559 1035911.6853548997 1.1414514974306838E13 0.5146345053490249 25.73293972015381 247.73870835844588 3.9994605355769695 5.500639880402972 7.267226230503986 1.78195363712004 -0.3489757114461641 0.9478183540245073 0.9888065778219159 
70 FOO 0.007226020267353306 10.597624778747559 1035911.6853548997 1.1414514974306838E13 0.5146345053490249 25.73293972015381 247.73870835844588 3.9994605355769695 5.500639880402972 7.267226230503986 1.78195363712004 -0.3489757114461641 0.9478183540245073 0.9888065778219159 
71 FOO 0.0044984259620832745 17.79252052307129 449322.54662621417 1.3224400615639164E13 0.34900641305695057 27.704498291015625 136.2637840271008 3.7921546796517744 5.799975317696286 9.293092192483888 2.1917258504047847 -0.16289456260963964 0.79310244261152 0.9739524195658642 
72 FOO 0.016540094785341353 19.15799331665039 110824.23918045143 4.738862859396675E12 0.44294801827362096 16.5839786529541 204.73832891419974 3.7043700648716897 5.411947470447415 12.38219773932771 2.103678676094168 -0.22747502790969948 0.8611723829342046 0.9861455979251474 
73 FOO 0.004040269957840792 23.308398246765137 628759.5617364098 1.3997010389808725E13 0.33927336801690805 28.500767707824707 152.47555116557464 3.870593924677142 5.9521251210371515 13.198780497885984 2.264741015701014 -0.1616733099824464 0.7971329584440511 0.9561489125980375 
74 FOO 0.02312221515512647 29.012712478637695 162272.3791135194 9.757652980129633E12 0.4584109087807405 23.788312911987305 330.7564072182598 3.6931052480850806 5.359582402526884 19.658203661735435 2.2131094674124574 -0.22769585624485658 0.8594215021624007 1.1309424066728262 
75 FOO 0.008196181541734404 7.95218563079834 441674.037319499 1.0456779812637877E13 0.5298077397140993 24.63605785369873 155.97664024373438 3.8406214536448275 5.281047265555207 5.273137711224321 1.702879922798456 -0.33766515198300323 0.937309297505363 1.0456267931395853 
76 GRA 0.0032291835686919512 72.95041561126709 1434505.8413289129 1.8385682129395332E13 0.22095933400556028 32.6644868850708 258.9387987860548 4.035396430914543 6.48554858671056 35.293698144184894 2.871209550202877 -0.06751809206156452 0.5821725537282608 0.9255214968935028 
77 GRA 0.0027618114381766645 69.47254085540771 1162560.6918355068 1.5945815878122658E13 0.22306167030949295 30.420262336730957 235.0741925307134 3.998953449796638 6.450947652752637 34.14865608463106 2.8403356356584153 -0.06475239596951221 0.5698569884701157 0.9316396090426551 
78 GRA 0.04186324684633291 3.9193954467773438 32910.38973371928 4.2346234945505415E12 0.6083410963118875 15.680978775024414 105.83260140911234 3.2723658280344634 4.298527548003099 2.547807609643463 1.4666507959682902 -0.35883358784884256 0.9179383304711564 1.022078852782683 
79 LEA 0.03262267937543584 14.23066234588623 164242.77859754613 6.706586058820808E12 0.5318408643675261 19.72377300262451 374.8149239172609 3.7239213229482004 5.13164852935472 9.614322047104473 1.9303559714421517 -0.3423886515943114 0.9356971984226005 1.0246598697630025 
80 LEA 0.02306079207755829 1.796712875366211 78567.92831213487 3.1751104706479175E12 0.6724948948473352 13.578695297241211 117.45889344779775 3.5623645066832412 4.4064238355785275 1.125847576916719 1.2222400834885225 -0.49477742867853997 0.9710189560566804 1.002117813769811 
81 LEA 0.02319022580741148 9.18906021118164 59477.40436768385 3.0343296190248896E12 0.48589268636944144 13.288461685180664 176.9227384313431 3.5515090301360663 4.9480731027162035 5.562180012988235 1.852766951107312 -0.2904898485387811 0.8986158351429754 1.0378745986910425 
82 LEA 0.014608583123390417 29.1246280670166 183074.25480732243 5.572511166801269E12 0.37810070077177876 17.98307991027832 271.03833287541926 3.832803659530741 5.675806728203596 16.928208794246963 2.3666039092755433 -0.20637445313675296 0.8478817219696752 0.9428926372708503 
83 LEA 0.00382377644382359 24.994860649108887 698931.8493050961 8.70866785499912E12 0.3016019402626732 22.47599506378174 206.29159620727683 3.960767906474279 6.064328067825292 12.413525313513523 2.366230923487407 -0.16553665671124032 0.8075055960505586 0.9355868453442016 
84 LEA 0.015266666624029313 11.093727111816406 88281.49021637555 3.440741297948505E12 0.49702138432377435 14.138153076171875 165.54410205792357 3.6515135679195776 5.139047445378026 7.145509332966962 1.8789880295566683 -0.28289817206879314 0.8997430416691836 0.9546195965179827 
85 LEA 0.009982363214021461 8.106707572937012 372706.1888553221 7.248279313395255E12 0.471655689193451 20.513083457946777 232.52827612655224 3.907794858113999 5.384012156867727 4.585762662263848 1.8340475045959812 -0.3358327504086676 0.9390260901427291 0.9996696875664228 
86 LEA 0.07950550696477876 0.4921531677246094 8174.350551143529 1.883682641851356E12 0.8285498661302586 10.455680847167969 19.46068203550113 2.6471517531879893 3.0043675370806597 0.3622820717153206 0.7540296776677966 -0.5460430526462189 0.9448447201181065 1.0455017769585646 
87 LEA 0.026722341547610995 12.033578872680664 131458.84484100153 4.772444884787666E12 0.5656655011271605 16.63935089111328 322.85569314355115 3.6876469753157215 4.983419152542521 8.608803004108635 1.8004643115279477 -0.36227780413022775 0.9411274880017498 1.0390464814241855 
88 LEA 0.013895688526645245 17.33718776702881 210363.77843487728 9.224198591525727E12 0.4568305957132319 23.135245323181152 217.45410889212633 3.757290893429289 5.438557169187529 11.257399579999474 2.0470440490543664 -0.24409905714003682 0.878299401954242 0.9811025139771453 
89 LEA 0.004904337779862544 15.189311027526855 352862.1211933777 1.2029980170306826E13 0.3506782294038307 26.419108390808105 115.65307710471093 3.733965607171156 5.682714911960656 7.589738124080722 2.137024979357646 -0.16357246861682592 0.7894421782727248 0.9385823953423377 
90 LEA 0.003869880516504054 26.853084564208984 588764.4006929189 8.113867205403105E12 0.27814962821705946 21.6967716217041 195.12678138920245 3.931722690111832 6.063091455250943 12.427384509914736 2.421287467226946 -0.1519250095963511 0.7851805379210616 0.9192339678806183 
91 LEA 0.03314185027193162 11.79393482208252 93307.56501456321 3.936983755947035E12 0.5479881893379427 15.119980812072754 238.4358328889452 3.635917569479204 5.009368185922692 8.053559600684869 1.852869523668049 -0.34203595463695635 0.9321251437247612 0.9916178613207103 
92 LEA 0.008198451634598314 33.53476333618164 415166.21259389725 7.781871977214392E12 0.3207784895392133 21.253740310668945 309.6318239169292 3.963511013194548 5.973546250860742 17.574297473270267 2.4842791531988677 -0.17978854159315016 0.8250450285137237 0.9260660878722627 
93 LEA 0.01977768875485708 3.760512351989746 32714.218739633954 2.4925990100782046E12 0.5827151005736658 12.026515007019043 60.13415719908972 3.3233425809931156 4.494487206934107 2.301808061524836 1.4816576474003877 -0.3162963520062568 0.8996460754232046 1.0177300821854356 
94 LEA 0.04622886421157091 8.66552448272705 47361.20785518668 2.840757925027566E12 0.5666532990387361 12.834010124206543 217.01985806411074 3.4348706093333186 4.622854018870051 5.895747401043146 1.7445968221270403 -0.36082687541762415 0.9300337868937019 0.995732777068492 
95 LEA 0.03603829289568239 9.687376976013184 50670.805136563795 2.8880496110278438E12 0.5457349115218323 12.944611549377441 207.5770242518539 3.483829572108537 4.733199856966578 6.5228109497086955 1.7935656979718406 -0.335010388820625 0.9198350649344332 0.997768134682739 
96 MET 0.00898535594706118 35.99610710144043 243706.32525156438 1.108269484225595E13 0.35478883193025323 25.362667083740234 205.9648078195695 3.7465269667336263 5.641707549185945 21.9571231922163 2.409614320791918 -0.14695454533223945 0.7592667138664098 1.2493363609423327 
97 MET 0.01740672824007561 32.3655309677124 143509.36659590006 9.984015137600525E12 0.4016697788509342 24.07344341278076 216.15651308884713 3.6177913736805927 5.35766916655514 20.734644787979146 2.322249921491373 -0.16877773487992478 0.7839299566054057 1.3355786239004765 
98 MET 0.002372865720644768 69.82589721679688 449835.4945412215 1.4760462811644502E13 0.15855219852661562 29.264751434326172 109.2432966212456 3.690683801172495 6.309091020228684 28.15733538981863 2.876112552202759 -0.009319925990850715 0.14737699026825912 0.48753526264135216 
99 MET 0.006681277943243913 43.815308570861816 210714.93569370094 1.3151000094708918E13 0.28510910374595294 27.625432014465332 152.1507354333505 3.6307242803485704 5.760226657707487 23.865026348060184 2.563183326291904 -0.06851003782809925 0.5584087148475522 0.9397667973979569 
100 MET 0.005471480573760346 48.741496086120605 275039.7933153121 1.4472600723791424E13 0.2651482905963846 28.980128288269043 159.9405041483276 3.685801587265096 5.873776756554449 25.83119580756791 2.6278154175860386 -0.06262528911377145 0.5396620969712869 0.9809902123167586 
101 MET 0.003129800232272828 76.53391361236572 423109.2729051378 1.690935308647546E13 0.18515663741767655 31.327059745788574 149.04135503516224 3.773298036669119 6.1667833325939165 33.849379743926164 2.9051860077030196 -0.020330552285980942 0.2936564090700003 0.8274927435614142 
102 MIS 0.023366845623968402 3.3247718811035156 61880.8558019617 1.0827041290908855E13 0.5272723434247899 25.066614151000977 26.95330248491042 3.0232632439733584 4.289487925503449 1.6672622431711577 1.4827469637287658 -0.20910541829770216 0.7888548667165903 0.9868637963294739 
103 MIS 0.0328269677784192 2.933300018310547 41968.9862068158 1.030125586568793E13 0.5401994843457325 24.450881958007812 17.06385817031405 2.765695722777661 3.9726954622629047 1.458872873642206 1.431753295463628 -0.1617049134699873 0.7000947145294552 0.9660044834924233 
104 MIS 0.01774242931514891 16.348631858825684 49093.916318749856 2.8233255208875776E12 0.4319211239187326 12.796475410461426 131.5589168359997 3.5113721872209025 5.1035655518751755 9.465828918783963 2.109486054331141 -0.20972870734255794 0.8290092297899766 0.9878636138484502 
105 MIS 0.019784734502081847 9.738616943359375 49251.10871969705 2.993125561067449E12 0.4774509841496486 13.181467056274414 135.516145981949 3.507810537465655 4.927955763678576 5.676260858843956 1.8891256616747396 -0.26204781175044933 0.8752717061526211 1.02800116059694 
106 PAI 0.025756590021046577 2.577216148376465 49153.59370186891 3.0389302888330015E12 0.6394107650257923 13.28601360321045 98.25001218308006 3.4672670307456457 4.3774741906386065 1.6456866309047833 1.3247284240813495 -0.440761095794982 0.9555147849577129 1.0182873703095063 
107 PAI 0.008369964783469186 6.994573593139648 95821.99213175954 5.143416016658936E12 0.41672867963269034 17.281740188598633 83.4779652529985 3.5665865381786253 5.159162314864684 3.335420655907935 1.796843648294419 -0.2270235241516626 0.850848388989841 0.9638219610783932 
108 PAI 0.011485644381082238 6.692310333251953 79718.1242079775 3.8624714916788413E12 0.471503885485039 14.977994918823242 97.81006187073407 3.5826809177025787 5.014453630485898 3.6718691770877725 1.7524871868762322 -0.281264953895526 0.8941573839944816 0.990010423617413 
109 PAI 0.011490331451113889 4.567146301269531 107760.9034894603 4.941636265069365E12 0.4995447328709206 16.9460391998291 102.81251552505391 3.6219672518268387 4.945490038063518 2.387937248430334 1.603329954974026 -0.32372400809567253 0.9201835033850396 1.018236751893664 
110 PAI 0.008674638426782622 10.730328559875488 124039.72097927133 1.0574396921001285E13 0.3748014046461559 24.76680088043213 53.01689398911186 3.356642892726898 5.174735077767881 5.373936337804443 1.9642644812180348 -0.12867779330466866 0.7021511896804171 1.0169474288130849 
111 PAI 0.008351324217983347 4.471933364868164 224653.89605813933 6.888280801512593E12 0.5036959713679686 20.015384674072266 119.24647889120968 3.718353193689497 5.073882621915099 2.3545958189517933 1.592364414145027 -0.33548407951967 0.9305676978942967 1.005974578185004 
112 PAI 0.008967010279775423 5.164865493774414 223820.2292939604 7.911728964572965E12 0.4914438101295707 21.44981575012207 117.21730117374459 3.752736311590046 5.121747818918585 2.7500353947763343 1.6526493232492603 -0.3381491503709405 0.9332934476339482 1.0050265074961477 
113 PAI 0.012255895663656702 7.9161272048950195 111104.2138250959 1.1515411153456338E13 0.4368108001681457 25.85575580596924 53.60065764325529 3.3345380841648438 4.958536594169599 4.2783948014329125 1.809454694304876 -0.17510938686209246 0.7754961644576698 0.9697487043593132 
114 PAI 0.02398698163096924 1.2631778717041016 107708.26920262669 4.178007083056037E12 0.7096071557323481 15.571487426757812 165.3540503072715 3.6445575232116263 4.338894841993884 0.8000426216435652 1.0911774990462642 -0.552955084813448 0.9810227937872547 1.0150845345404356 
115 PAI 0.006328442307221849 6.482208251953125 516471.81746243266 9.609325841460443E12 0.4716530653271394 23.627126693725586 158.4785342521313 3.8824509880312283 5.398859074291619 3.5018416052197274 1.7470403013892049 -0.3202841375250719 0.9314016879933559 0.9834787787721163 
116 PAI 0.01137895721831228 3.7959976196289062 139787.60000749351 5.615986020086578E12 0.5216794462150875 18.061235427856445 129.79224474131897 3.7089497981882413 4.961618309620551 1.9742141386587027 1.532363884549279 -0.3642108776236274 0.9414175437959803 0.9835259570816633 
117 PAI 0.018425998581733438 3.28659725189209 78274.79045634148 3.7921625990712295E12 0.5568298902973694 14.839985847473145 141.84074535649646 3.609746728565859 4.724383231550755 1.7981625807666404 1.4677830458642014 -0.39210819202116376 0.9469257192595977 1.0159564702108026 
118 PAI 0.009561674955875787 4.739648818969727 116539.0522880064 6.071023494636451E12 0.4633978008667262 18.77318572998047 93.08632137871167 3.6043143546818017 5.03061346400107 2.238139998833167 1.632950526102662 -0.28727410607257553 0.899197793620597 0.9810884419591562 
119 SAN 0.016446387445284927 4.96707820892334 12200.613469968717 1.7910587850882463E12 0.43381006183234366 10.195784568786621 23.123980099128254 2.9552708436156707 4.417323176984238 2.140895189179763 1.658552789275759 -0.12144992747716052 0.6475824543039485 0.9015136293891755 
120 SAN 0.023629682972114097 2.474909782409668 13510.49721949911 1.8572603457495408E12 0.554361680970515 10.381484031677246 27.335222023219764 3.0192712647692828 4.1097678084829505 1.1960515914980485 1.3679142684802488 -0.26363726894066863 0.839554652039496 1.014302166182263 
121 SAN 0.025326173483790626 11.470184326171875 65744.24598154884 3.5116569561428613E12 0.47055232161770183 14.279857635498047 165.13312359952084 3.5957238126494486 5.045184031910564 6.882466390003347 1.954263891385162 -0.28412168213862304 0.8973929197716042 1.023359610012459 
122 SAN 0.028118640227148717 5.253875732421875 87140.87459574774 3.9400156799209062E12 0.5502168445014592 15.126413345336914 191.62380378407636 3.643712028743173 4.799224222203328 3.1513710945163673 1.6445405816953955 -0.3989468092177051 0.9514513282247308 1.0065774582639941 
123 SAN 0.01710178904249915 3.3500709533691406 24933.96061595984 3.328269334087958E12 0.4871090183093713 13.89714241027832 28.81437259321354 3.0782477760332454 4.380532605809653 1.4562876492230963 1.4882139000635477 -0.2051931079494851 0.7887113500252596 0.9690749038560437 
124 SAN 0.021854123933735536 2.411043167114258 14386.061595700141 1.968339738860353E12 0.5449529433705821 10.69053840637207 26.67098293550842 3.0251525427677857 4.139829122613768 1.1054754256496975 1.3588150954602212 -0.25660498490852124 0.8342881956882162 0.9722794919598798 
125 SAN 0.032397157072409755 1.7591333389282227 7408.3502914559085 1.3614611891618926E12 0.5976339734411245 8.890486717224121 18.602020403105477 2.8344114246652206 3.7804345931674366 0.8504806212798683 1.2322560664577222 -0.2709546042665965 0.8284175212001221 0.9958291920829955 
126 STO 0.014772259736673732 3.543466567993164 98977.41058796439 6.006401234403014E12 0.5438184681085563 18.676719665527344 101.77096765201809 3.5655493671150706 4.781378128211688 1.9315375976925229 1.4900345431871482 -0.3483476633516558 0.9286223714710481 1.037359645397621 
127 STO 0.026126937071694556 1.7888813018798828 43880.00329124843 6.351825556858208E12 0.6015546247310855 19.20180892944336 42.215372798636125 3.1907614488566787 4.167613652440059 0.8908508981092474 1.2312135663887482 -0.35449005820734925 0.9104844579541076 1.0058583793901081 
128 STO 0.008739957513171248 12.861489295959473 117287.79994568981 1.3125946762767215E13 0.3193132868930451 27.596583366394043 36.03512027752738 3.183171703135426 5.124427153777013 5.68393065964587 2.0706288785790803 -0.0558198307095201 0.48120413964365855 0.845024682872917 
129 STO 0.008265571542324324 15.947219848632812 148141.64353478167 1.6714044911444438E13 0.2922054791433146 31.145944595336914 36.81803420072395 3.184543017497014 5.236692511502673 6.966607355066834 2.1693399917139784 -0.03635801024513719 0.38748543082592096 0.7287503274338769 
130 STO 0.020722564522202447 1.624039649963379 38270.23498066907 3.0645164075088604E12 0.6407138782327526 13.334015846252441 49.595988561370085 3.3183089570553874 4.21034572503585 0.8939353524279181 1.1994803040567916 -0.41080638513594797 0.9396894840899619 1.01726807195217 
131 STO 0.024124207011027465 9.363079071044922 279394.42225344595 9.57113640050866E12 0.5131518420290953 23.590667724609375 361.791176657437 3.8024328823934956 5.173473781297266 5.866961135323998 1.8435212727442762 -0.36667689532924835 0.9477891005491508 1.037518231689856 
132 TER 0.04370446838765929 0.8049173355102539 10091.124746235904 1.2944669932431697E12 0.7374947408866996 8.663012504577637 28.03848400842745 2.979302495455208 3.5358685269054657 0.4844814442536844 0.9488469971933005 -0.4865621338041034 0.9456192394586175 1.0081581847160317 
133 TER 0.07374550943177383 1.2809267044067383 5302.377809147446 1.0887965637400634E12 0.7305879640935942 7.9470624923706055 25.11916177650264 2.718893385564109 3.341522880153784 0.8697792764699717 1.0675459762692412 -0.4166315565836805 0.9074067119687937 1.0692101517185881 
134 TER 0.05868355127540781 1.0150442123413086 4108.245975436862 7.998716961973973E11 0.7156753759989304 6.811785697937012 19.339414870353963 2.7211192413207765 3.3436362837264753 0.6139803966283635 1.019366571898555 -0.3944708639100656 0.8954509023406417 1.0925076456099798 
135 TER 0.041940725943732104 0.8844881057739258 8702.97454523759 9.697866465013322E11 0.7255589308368827 7.498753547668457 31.7651579525442 2.9838742925041104 3.577021982240779 0.5262116009423174 0.9800723297287703 -0.473519178647183 0.9424863532014327 1.0040518245200816 
136 TER 0.07776360853040387 0.4756193161010742 5101.152559352959 6.438437184339598E11 0.8237815359651389 6.108153343200684 28.070134519965166 2.7390366145906877 3.0981202202110714 0.3400710975410307 0.7658138804462089 -0.5911109067002109 0.9611267866107944 1.0046628516804645 
137 TER 0.041808370871422085 0.6527585983276367 13530.20658905655 1.3662563165421672E12 0.7617442856612703 8.89799976348877 35.93760123953384 3.045539538423533 3.5310852541925533 0.40191090749261493 0.876577860883967 -0.5441554118342445 0.9625782413933746 1.0127302896722175 
138 TER 0.1150880974314532 0.5851593017578125 812.4346229505862 2.0176921028734393E11 0.8089862225357657 3.418476104736328 11.506400161914652 2.29226155447198 2.6508060699327696 0.41916265306083267 0.7990185589527062 -0.4605413784664573 0.8894326999929434 1.0084298601231043 
139 TER 0.07154401404841337 1.1246719360351562 13369.34081778131 1.1942196302194788E12 0.7389470903449844 8.315614700317383 79.47722222567295 3.0445576772940295 3.651592625103723 0.7494977526422373 1.0531308477920067 -0.5279251006696039 0.9617613433422294 1.036495005704792 
140 TER 0.06743499135518505 0.8230276107788086 3711.7547092983746 5.3681453815666095E11 0.7577940840954214 5.577313423156738 22.823306611334157 2.7167787803683057 3.241051748524666 0.5389769361736794 0.9451926241833394 -0.4785822444838189 0.930890665409716 1.0175178845585329 
141 TER 0.06836201275564235 0.5439252853393555 5337.439030071444 1.0752460789359667E12 0.7936707147409566 7.898251533508301 17.69858308419397 2.729176136960338 3.1360767944664896 0.3594095440972714 0.8111313519015644 -0.5146208056067285 0.9398503720779254 1.0368793917589134 
142 TER 0.045997608357083664 0.7326030731201172 12768.955532177719 1.7590905142700857E12 0.752808294869054 10.094158172607422 30.191350026718435 2.971627533810219 3.501363531310157 0.4532271654817884 0.9163491099288125 -0.5020262115964705 0.9495667947188321 1.019855402554168 
143 TIL 0.16361988926473714 4.036818504333496 29701.385598070006 1.8588042699366926E13 0.7249005668155586 32.8473482131958 69.477568867302 2.0651720184339664 2.68134018743169 3.3263585307402144 1.1315544049684298 -0.24087104387623304 0.7152010431811926 1.6141374325494886 
144 TIL 0.05388629500794195 9.313076972961426 87678.4232758099 6.020564220361471E12 0.6370849595668864 18.67310619354248 279.6656665820019 3.3853789436359616 4.432127952709126 6.8546942528481996 1.6437170645956378 -0.4398666515818986 0.9565931696243856 1.0482235012229975 
145 TIL 0.016044723865888955 7.399665832519531 151815.20163759956 1.8284947042734984E13 0.4848782337123484 32.5777645111084 90.51158232953415 3.2307023746863237 4.632813353432951 4.651840422131929 1.6652486494377456 -0.22602146140976617 0.8266470429688292 1.3544599093547354 
146 TIL 0.04454149187768053 6.17283821105957 82636.08164769494 1.1921897912834338E13 0.651267872357055 26.3071346282959 132.69808530244862 3.2043521071927015 4.139871685599199 4.5463401444817055 1.486084725525432 -0.37038205478062824 0.9181992366034807 1.1365539907242495 
147 TIL 0.08171890176527086 1.3476896286010742 32461.528872738207 2.6749722402780977E12 0.8328901912391512 12.46439266204834 242.57614517174855 3.0315537996949797 3.429330806066104 1.156821940082372 0.8318492369515847 -0.6334330880189345 0.9783338329641067 1.1015525430843585 
148 TIL 0.04175710715799141 5.767472267150879 57740.57188087622 1.449105309037463E13 0.5935026224664046 28.99758243560791 68.1237614870519 2.774499931289565 3.844001176627677 4.1927916690592175 1.4348461141527988 -0.23400580662630246 0.7934844839822082 1.5097190554818105 
149 TIL 0.006607285974951083 8.707803726196289 2823716.3203339507 2.2033190115653164E13 0.508358910762738 35.77388000488281 322.7789312730065 4.060238201236447 5.5291693576659995 5.363087237246592 1.8147129978412775 -0.3671912911019532 0.955752329134504 1.0051500305552754 
150 TIL 0.012275080373910896 12.823568344116211 108566.60163530191 1.0070392399274979E13 0.39272457257124055 24.179424285888672 61.68493873533824 3.3678141125008665 5.068628748838368 6.2587145064238685 2.0744999051317623 -0.13736742471123678 0.714963017827921 0.8630692046863612 
151 TIL 0.03262606790940481 5.526288986206055 60660.32959383927 1.2292861619177041E13 0.5744933571031554 26.700428009033203 63.2958991817496 2.906870807665369 4.042877723699279 3.8370677984386297 1.474583278648113 -0.24206369760104796 0.8139963099739108 1.476364412313683 
152 TIL 0.0877537559135817 1.5690832138061523 32592.32029141702 3.0477410876257812E12 0.8150083238029388 13.30536937713623 232.70782656359526 3.0561675926411374 3.532640160286368 1.3157611982912112 0.9145087751206323 -0.6075462558108441 0.9761051771513622 1.1756342354006886 
153 TIL 0.08072958834463861 4.2772321701049805 44233.2883203118 4.0647335439852427E12 0.6949353937023105 15.340254783630371 232.10791872775457 3.1601497222256363 4.0029988220497055 3.1865249110508023 1.3836803063740792 -0.4887735670365301 0.9605036742950479 1.049535169768645 
154 WAT 0.046761622133544734 1.1167306900024414 32929.20311949007 9.042240596572592E12 0.6649512888269168 22.908766746520996 10.41265447396961 2.561981082233738 3.3178454433524225 0.5701081543971024 1.0632827714744453 -0.27739616083885976 0.8053961348264566 1.0990878734852885 
155 WAT 0.01266313492487825 8.446569442749023 317855.2086076831 1.1304620031618549E13 0.5066644629791222 25.611652374267578 190.99260998057886 3.775575930355202 5.222938469886696 5.12834291947725 1.8095753145492894 -0.3177167858238638 0.9250867878370905 1.0336450032899578 
156 WAT 0.06967978519423923 1.3403310775756836 54546.2591568526 1.6929495197026934E13 0.7203161795013019 31.34465503692627 22.014502894889226 2.6575425778049113 3.3016787859539334 0.9037980186624909 1.056461862119835 -0.3617532934107743 0.8727964021627881 1.0283117803857684 
157 WAT 0.031268458173599356 1.660914421081543 50806.83978396656 1.064695621957205E13 0.6033129005552007 24.85754680633545 15.407185177888135 2.757759604521839 3.7065465213972253 0.7967217517651142 1.2109380145572939 -0.25277780776821823 0.8057511826134186 1.1128071736161493 
158 WAT 0.0461361167490395 1.4256210327148438 54655.432212395426 1.6422999393017912E13 0.6290784438175538 30.877254486083984 9.540562436559513 2.5161219741845824 3.3910082148935103 0.7081094144593889 1.1473979706269708 -0.21295645057903917 0.7377819938284795 1.0456722905292135 
159 WAT 0.004674305294884107 14.20421028137207 898209.7095641007 1.7452291952178508E13 0.3696539729016909 31.829118728637695 167.4276774015204 3.856101463962436 5.724164672363385 7.093457251795023 2.115149965742838 -0.21541259023928416 0.859817529336516 1.0608004085844611 
160 WAT 0.04666276633497546 1.0009288787841797 71876.12254087736 1.3660153477280754E13 0.720618288314329 28.1558895111084 20.469109400042193 2.803953510461496 3.4230445652316033 0.617560296802812 1.0041123526022706 -0.4271372256323816 0.9166112364813974 1.3813831383055568 
161 WAT 0.010733967048963677 4.1010589599609375 481792.99267473316 2.6423946382141484E13 0.5057871769840294 39.164133071899414 99.53378267608471 3.5908488031760624 4.897618745702972 2.0742652425555734 1.5727826177192747 -0.3226650955354854 0.918029067651938 0.9935318073700181 
162 WHE 0.0069184704625513405 9.12940788269043 369373.4442629418 7.202703710886952E12 0.4374978547727494 20.445524215698242 190.07901047768888 3.900005240019525 5.51729140645339 5.01742945759831 1.882297978233809 -0.28899404794858397 0.9159395220543592 0.9897479049116722 
163 WHE 0.029158589027701964 12.891465187072754 85714.28069648995 5.437906323935282E12 0.4642636073541235 17.762215614318848 245.00991762004904 3.666254999491094 5.1428135393186905 7.768153626611386 1.9914625776964334 -0.2833099503845642 0.9001739516929705 0.994510584385611 
164 WHE 0.008304671045607392 7.323174476623535 272449.2170732783 6.212873346612165E12 0.46927452017906124 18.983635902404785 175.45405237386592 3.8415983324946654 5.338449606693085 4.093456479996169 1.7828815400703681 -0.31355035023685507 0.9259821727262165 1.0072177966260354 
165 WOO 0.0065294798719151 4.772150993347168 748312.9380645615 1.3163568275808986E13 0.49057966363301725 27.65305995941162 179.75545982904382 3.9573130029975823 5.355525648575859 2.4795390099146113 1.6190684266556372 -0.36836791608983127 0.9525896084124815 0.9812360932204033 
166 WOO 0.0065294798719151 4.772150993347168 748312.9380645615 1.3163568275808986E13 0.49057966363301725 27.65305995941162 179.75545982904382 3.9573130029975823 5.355525648575859 2.4795390099146113 1.6190684266556372 -0.36836791608983127 0.9525896084124815 0.9812360932204033 
167 WOO 0.09208984467977643 0.6389045715332031 66243.20728493865 2.9289758195965055E13 0.7454841485212302 41.22742462158203 4.822903571121623 2.1869422725374625 2.687886304070683 0.3622600535683067 0.8584709067664414 -0.2866969654046716 0.7653162374051521 1.3195315175345501 
