167 19 6 
1 BAR 100.30121 4041.6096518598983 42.06577630705483 74.3925463822026 0.004863779991865158 7.771092729716442  
2 BAR 112.27881 1285.2662599086632 22.575501140696993 46.352119982468984 0.007866695523262024 7.182287817041821  
3 BAR 123.46155 1293.608018502591 -18.938797386180166 45.4630544600528 0.007690642029047012 7.181497826974069  
4 BAR 72.78992 4651.980401262686 68.26425010930967 88.17769108062731 0.007508736103773117 7.466351402183291  
5 BAR 67.51721 1403.2811978906377 26.41734590649722 46.65631744353881 0.007472466677427292 7.1763174530759475  
6 BAR 44.81708 985.4226551316773 27.484916775650497 40.39752959801774 0.01023886725306511 6.781338329239987  
7 BAR 49.26202 613.3188556693709 22.747323781349667 33.80504219594289 0.012380655854940414 6.572389318996143  
8 BAR 73.2959 2864.0813894271764 42.12385673317593 66.4258370755177 0.007453281432390213 7.397374734118428  
9 BAR 115.70587 1091.616918649528 26.32422628628381 44.77746831958409 0.00922989472746849 7.035027500497059  
10 BAR 113.4375 2128.3138427734375 37.41963677351504 57.83239557610404 0.00644344836473465 7.437580612391159  
11 BAR 118.71423 2740.5399194807 31.72349061681756 61.229342737846984 0.00587482750415802 7.543825573650141  
12 BAR 134.349 2103.0938979238176 -17.062416288306785 56.485023976954544 0.005956608802080154 7.517514438951994  
13 BAR 126.11493 1925.3133904002668 -22.769141033492485 54.91538496797825 0.006310377269983292 7.456646364735528  
14 BRI 96.97656 216.7767944336015 11.510851893725325 19.54973526411889 0.020188171416521072 5.867512299143422  
15 BRI 104.94543 265.11567495765127 11.856987415818299 21.09139645354747 0.017953936010599136 6.015598290829717  
16 BRI 161.20746 2456.395254429423 -43.97935599057658 64.62808335907454 0.00656600296497345 7.479770651428903  
17 BRI 148.47797 3440.364993032087 -46.70377627392795 73.39172276975208 0.005389560014009476 7.704300153996372  
18 BRI 123.98102 409.2870542369807 -21.693609176870766 31.193555789973825 0.018053460866212845 6.184264744389168  
19 BRI 109.03424 779.4400507174398 -14.019307551795505 38.154354425456056 0.010528679937124252 6.831782122389981  
20 BRI 159.76941 1886.491383537634 -45.04995144244788 58.95532423055316 0.00954381749033928 7.0758591520477685  
21 BRI 72.19568 2405.046182498304 44.323875119378414 64.94764626066443 0.006487581878900528 7.449717118268734  
22 BRI 84.07477 4129.31209772454 62.1853380357397 82.03837488206351 0.006492976099252701 7.57679429353328  
23 BUI 119.87115 5722.967712875224 71.9354564141684 94.37649213916126 0.005887322127819061 6.181196508447389  
24 BUI 126.64783 3528.7756324855914 34.02695470746363 72.46218523666715 0.006274346262216568 7.083029789529989  
25 BUI 130.93225 4207.491503820083 44.0322782231879 79.66687039624554 0.005377411842346191 6.798289586509944  
26 BUI 115.78015 3729.065436110959 36.50072576130863 69.6921365735107 0.006397314369678497 7.508908774821316  
27 BUI 107.10736 2108.8232514821157 39.99961971530878 60.83256733242187 0.007787890732288361 7.300078597348452  
28 BUI 114.22046 3326.9103822112374 53.76041330735873 76.12575785217179 0.005745746195316315 7.185576586898356  
29 BUI 148.88928 1780.509470090262 35.686463987487066 60.075434199666695 0.010524831712245941 6.556144859083941  
30 BUI 152.22168 1899.0977087020713 -29.031420659763903 57.24780880871275 0.008116621524095535 7.225700700105766  
31 BUI 128.79407 740.0384023040677 -23.69679490314018 32.93487599780495 0.016034480184316635 6.333803175209058  
32 BUI 123.63794 1366.089004933843 -32.27863849209395 44.5602950294573 0.013050459325313568 6.638804603587465  
33 BUI 127.64001 780.7845951169949 -24.010894514987243 34.41775236679846 0.013538770377635956 6.488264429425452  
34 CLO 136.80859 329.4874114990357 15.335440692800898 23.454288616945007 0.0185546837747097 5.996646254659507  
35 CLO 126.90009 204.5747949145901 14.488386948361665 20.25476883566831 0.023995395749807358 5.662920752934685  
36 FAB 117.88452 402.82333463430143 -13.387031497855732 26.197335741181426 0.014730114489793777 6.291675087032066  
37 FAB 119.10309 427.83989768849074 -15.41719417350252 27.772542393646404 0.014301646500825882 6.352286261282494  
38 FAB 102.20868 1556.3665482066458 36.060260788238836 52.13004133732817 0.008075099438428879 7.138480417428901  
39 FAB 110.3504 1695.2293296717116 33.63305114356978 52.11976457521839 0.0076055340468883514 7.195325593381479  
40 FAB 105.03467 1660.7315862179007 32.81339035541306 52.72266488460539 0.007065955549478531 7.304722463699812  
41 FAB 93.7171 1211.901353027699 30.163252676300257 45.714375006773714 0.008524846285581589 7.056279434451756  
42 FAB 101.48749 334.1347311399896 -9.15561635946602 24.16091819904915 0.015637483447790146 6.22880540879165  
43 FAB 131.20312 576.0283203125229 19.43791610969501 32.330885704215696 0.01213318482041359 6.587464066910233  
44 FAB 119.09033 3956.753436803835 36.27704425871467 73.36473860651833 0.005419701337814331 7.69616931599101  
45 FAB 128.43073 3783.3919295036526 27.755754286912936 71.76816077778376 0.004909008741378784 7.737582603317498  
46 FAB 116.87561 3855.754668816914 38.80890133112274 73.03918975163892 0.005371958017349243 7.701564344749455  
47 FAB 132.09839 1461.8549436926933 -23.61902071895667 48.36329154274635 0.007291000336408615 7.262969417921158  
48 FAB 132.18646 1577.6947849951835 -22.093687319526733 50.38073289045751 0.00702875480055809 7.325311507009346  
49 FAB 120.27484 2322.659874852744 26.862214939119422 59.95990355074306 0.005896873772144318 7.53757032849816  
50 FAB 124.6167 2442.046684026724 -11.427815987945916 60.142353101359376 0.005906675010919571 7.523384976854329  
51 FAB 110.74872 894.2246382497221 22.038766949499358 39.96622141847755 0.00967516377568245 6.917949415120737  
52 FAB 115.59393 962.5148582123311 24.216238934543643 41.986527850855026 0.009438950568437576 6.96354411346467  
53 FAB 133.76154 810.1825756691511 -23.023258223542943 38.91765000927465 0.010277289897203445 6.829486127241422  
54 FAB 131.3219 392.4839051812892 11.215994902852563 25.976858049624397 0.014209140092134476 6.342741419635994  
55 FAB 140.57233 394.8227717839287 6.9688253171148595 25.829021717587267 0.01408999040722847 6.351730591255021  
56 FLO 53.35443 1966.0623058043482 42.95484985587495 55.84948085490172 0.010476451367139816 6.925251286344582  
57 FLO 54.30933 1644.2323202490943 34.728160316710486 47.89894138645997 0.010720230638980865 6.824940808570715  
58 FLO 111.16779 1980.312729325173 -19.38987689638895 52.7437729367728 0.006341565400362015 7.351298624516619  
59 FLO 118.4115 1834.9284468740152 -26.89720386716666 50.1778354884908 0.006983507424592972 7.2410533032491475  
60 FLO 157.04565 1516.6087555289364 18.097698486246372 49.789480343378514 0.0072881802916526794 7.288335756684364  
61 FLO 175.32593 1667.0614957213347 -37.43189484819375 54.43333640395809 0.007547285407781601 7.242216851401912  
62 FLO 191.65997 1222.8426947258504 -31.645196658046213 46.196900993557605 0.009130094200372696 6.973361252575234  
63 FLO 171.91071 1214.019309218997 -32.081161056898274 47.332959903202266 0.008823487907648087 7.024379261618561  
64 FOO 122.06909 1715.2543815970394 -30.68788558030014 53.01272405132584 0.007170584052801132 7.334319082826906  
65 FOO 112.28772 6600.449199780739 66.77581576519967 94.13992089190316 0.0054009780287742615 7.422094650901902  
66 FOO 125.40515 1808.7352664324173 -20.357199401272204 53.91920024184556 0.006596684455871582 7.412524096216561  
67 FOO 104.02045 4484.366708394187 58.59508286742454 81.63761944158504 0.007614638656377792 7.417466288572631  
68 FOO 70.75543 2524.930359896287 50.07918574634315 68.5274998094071 0.00798046588897705 7.298320211894847  
69 FOO 109.51141 645.1683267615837 -7.215861225876351 31.699667491718653 0.010793130844831467 6.673067417974649  
70 FOO 108.1933 2529.272267099464 38.588823717745896 63.3990357153564 0.0057938434183597565 7.565114429876001  
71 FOO 108.23328 2502.835474714665 38.02754711405984 63.10378123230692 0.005791071802377701 7.565645703473828  
72 FOO 106.87897 3614.58917188274 49.954696013354095 74.66386720694157 0.005135606974363327 7.692481094678126  
73 FOO 106.87897 3614.58917188274 49.954696013354095 74.66386720694157 0.005135606974363327 7.692481094678126  
74 FOO 59.99127 1644.9343110286152 32.73897056135545 49.74053358477218 0.008182454854249954 7.110732172245029  
75 FOO 55.86804 1353.2914249747957 27.46070555352521 44.36374995623986 0.008929803967475891 6.95797253797733  
76 GRA 71.00073 1723.3845209479252 45.075924097944856 57.1767443327441 0.015215683728456497 6.733628165630489  
77 GRA 139.41064 2124.4833486080283 13.18765263233343 57.25920934550485 0.005935057997703552 7.530154294952842  
78 GRA 130.25128 1846.6384566090962 26.69177904427703 53.92009944331941 0.00643230602145195 7.422324536744555  
79 LEA 58.04596 1630.6136714182815 38.611474588695266 54.56644907575662 0.008249182254076004 7.127913591133065  
80 LEA 46.5918 297.80761337281103 22.42157813859491 36.26865174292544 0.02112789824604988 5.870593582549006  
81 LEA 63.56793 753.3862543664884 24.300289240799493 37.101108509768025 0.010789714753627777 6.719803424475862  
82 LEA 95.10895 3523.5259111486453 41.44294924260226 71.40893743638121 0.0049020834267139435 7.752922202784129  
83 LEA 88.45319 5489.557134624589 58.07201999739515 86.18815369346277 0.0063146911561489105 7.652279939128615  
84 LEA 70.91327 4641.070663776225 70.98034433673014 91.06904659527953 0.00799349695444107 7.435197151661265  
85 LEA 62.5155 3456.1688270420177 59.52365776518891 76.95794995210655 0.009288664907217026 7.254623195901373  
86 LEA 63.0528 3879.163289304796 62.036832407496426 80.22858024181615 0.010960008949041367 7.201314458437421  
87 LEA 78.59094 3226.4761044829947 44.822519207408206 69.08500766710367 0.0060409121215343475 7.554861224325678  
88 LEA 66.19458 3291.2469286323785 54.47834564760168 74.35551260701064 0.008054260164499283 7.3944329791482435  
89 LEA 118.88519 1457.8860502801958 20.739650681479063 47.92654817284184 0.007219906896352768 7.260417014429409  
90 LEA 95.20752 2618.3729512691266 49.76217960004949 67.30712249140319 0.007757458835840225 7.3110976906323835  
91 LEA 92.34863 2162.172888755809 18.519572952586234 56.70342338229873 0.005874704569578171 7.506180354951156  
92 LEA 94.81702 2233.7676645368474 17.02756188046973 57.089765320238996 0.005789455026388168 7.517466260109187  
93 LEA 86.68158 3301.4632446728538 45.612966589493766 69.54394013234526 0.005573559552431107 7.625535963894756  
94 LEA 62.91046 3028.187966730459 54.320134110401455 70.94259028597537 0.00876137986779213 7.2386020820660875  
95 LEA 65.32874 2162.278163537425 47.36335988634431 65.16851236513682 0.007301997393369675 7.333655930390919  
96 MET 124.44366 359.1873780749935 13.912812873742386 25.245283899494062 0.015142660588026047 6.263282203452667  
97 MET 130.27411 688.70825054869 17.202924282003643 33.61312372098816 0.010632988065481186 6.729259008257532  
98 MET 122.95752 1322.4774434566432 33.68854700321669 48.27945297374257 0.008645370602607727 7.054486341669174  
99 MET 117.44855 1324.4508438371113 35.93261501050818 49.62153981254214 0.009241551160812378 7.00505831008991  
100 MET 107.5531 2245.0278199762147 44.06385659368844 62.58367171482892 0.006821814924478531 7.37343178303945  
101 MET 102.15662 2536.631355151543 49.449668845880076 66.94799762204183 0.008099038153886795 7.260216809804062  
102 MIS 63.29474 1700.0019352100646 32.87190690385163 50.73708641589377 0.007484268397092819 7.206482235606895  
103 MIS 64.94012 2035.033951547043 40.269186130321586 56.234683090724154 0.008217919617891312 7.201097383215107  
104 MIS 103.60651 176.28174721823834 13.45557429693332 20.4049147979939 0.025742139667272568 5.646103831152198  
105 MIS 106.10449 312.1017522811951 14.664068594317571 26.03653648099758 0.0187806598842144 6.103772901293103  
106 PAI 87.92535 2004.4046452604387 -15.051383305594054 53.298446253992566 0.006199948489665985 7.410454358940778  
107 PAI 100.91803 2533.5712227784056 -12.25284893593407 60.17980898117845 0.005454499274492264 7.592446674195816  
108 PAI 91.81061 1684.026935812106 26.26542803100383 52.40619886581563 0.006822254508733749 7.36031092074992  
109 PAI 72.84515 1501.7613620124866 32.73819062198338 50.32804588379983 0.0076979659497737885 7.182460954376961  
110 PAI 64.75836 2174.3955294452517 44.62912577876164 60.365181292963214 0.008703943341970444 7.1918755540519905  
111 PAI 83.77185 1348.615794524536 32.90276876529622 50.3474289446839 0.008111823350191116 7.155609953372775  
112 PAI 75.56915 1081.5380645655114 26.188580998803474 43.83504230283574 0.008729983121156693 7.032814710744046  
113 PAI 70.80316 2550.453747328366 49.932875332638645 67.68482624190331 0.007011625915765762 7.388835937300415  
114 PAI 61.40582 1573.0832937322511 40.08334368672095 55.298182837839704 0.008558686822652817 7.1151127008843  
115 PAI 71.4693 1461.3404881317483 33.067278686594456 51.25631948280914 0.007680919021368027 7.199557914561866  
116 PAI 80.14899 1885.694172557461 42.665775783626145 60.48244695241346 0.0073685795068740845 7.323160108478604  
117 PAI 108.57611 753.2486016713024 16.811401313384124 36.20315498929596 0.010753314942121506 6.749306487417808  
118 PAI 113.69672 739.4273671470696 18.54970654189726 38.172211049204286 0.011351559311151505 6.749238632317782  
119 SAN 50.37512 244.22268675268316 9.536452214666987 20.81841169190412 0.01820838823914528 5.999385008494273  
120 SAN 52.45276 346.70858369768075 12.475313769218078 24.757077678692276 0.015286009758710861 6.246602280927245  
121 SAN 45.63477 266.3165550232139 12.051041351593268 22.475907827585907 0.017691805958747864 6.048966415130645  
122 SAN 65.98529 332.5444003306294 12.218328330306795 25.99019258241971 0.015783775597810745 6.212555636584277  
123 SAN 51.57068 370.71045862138146 13.191108860031408 25.17430974988755 0.014599349349737167 6.2858331482726655  
124 SAN 64.98999 2332.278342187397 44.14439299500595 62.08399413564735 0.008079435676336288 7.257071527122775  
125 SAN 68.67896 3048.5636782050474 51.98301758800067 70.89898835460397 0.007845286279916763 7.36775577092809  
126 STO 82.65619 1529.3242378197629 37.53932990743966 51.89984514979131 0.008675489574670792 7.1178240723509605  
127 STO 104.49377 6018.976889952942 22.054924055640676 85.97336115808213 0.010610900819301605 7.45380883106393  
128 STO 85.15192 639.9336474500783 -18.983940380200746 37.04158822008034 0.01550973579287529 6.51313974621474  
129 STO 55.70386 675.5432810187361 17.928069338192646 33.14399266937159 0.0107138492166996 6.691170426632649  
130 STO 130.16962 252.41281953082603 11.522631194013556 21.951767353185996 0.018737535923719406 6.008295946696779  
131 STO 115.81165 306.79911731186303 11.228922399472742 23.39655483968983 0.01626783236861229 6.160541635658335  
132 TER 36.16125 538.6046120971663 20.67827530129783 31.029137474026808 0.013572495430707932 6.393513054033707  
133 TER 27.96783 395.674929734336 18.638277318871875 27.40034005977471 0.018612075597047806 6.05948772123738  
134 TER 18.00836 201.29674404487534 17.442414484997038 24.59328921100212 0.03094496950507164 5.386095640112696  
135 TER 38.49109 459.59952996671376 17.804619636383414 28.449686984096555 0.01389327272772789 6.32632791918764  
136 TER 43.84167 477.3170962185362 20.84815353387785 30.29363523071339 0.01447666808962822 6.320777474913081  
137 TER 40.10327 587.5298623442638 18.003042530281828 30.65120015144842 0.013845760375261307 6.411783155920529  
138 TER 36.0191 290.50579958783 14.673380416642441 23.61943547739829 0.018789220601320267 6.00801366032383  
139 TER 28.55658 486.05209660156873 19.03993955495458 28.16109418498511 0.0211014561355114 6.059123257534439  
140 TER 39.19067 1468.675313413138 38.23565426199488 50.30765343603895 0.021504614502191544 6.493265813876884  
141 TER 32.57471 314.83523917199136 17.92766981053184 25.71165319210829 0.017908882349729538 6.026297627845391  
142 TER 37.37805 443.3625700324854 24.081078506442196 33.05451208203547 0.018492963165044785 6.124607128670419  
143 TIL 103.51715 503.1542468629748 -19.867817746220766 32.02961045537951 0.013301912695169449 6.4624682806641705  
144 TIL 111.68591 1824.699933394783 -43.77178719256761 55.34973691837712 0.013099532574415207 6.731190734281438  
145 TIL 58.97754 3825.933577537599 69.29819573466462 84.9122464407425 0.022597704082727432 6.493605070360258  
146 TIL 55.35175 4009.4504327439363 63.991696091969914 79.03099894027649 0.022399570792913437 6.44211379251985  
147 TIL 151.98535 4537.563750267059 -48.19932298140589 78.73942534121846 0.004895377904176712 7.787207410725658  
148 TIL 81.55054 4082.669443070788 40.42614608646394 73.02653457087015 0.01177222654223442 7.000656392682534  
149 TIL 67.15686 3607.6084514707504 40.865136398110444 66.3719636136916 0.015291023999452591 6.726183713759443  
150 TIL 134.82953 1134.9081343971106 -41.49558225876949 53.601141052361015 0.013771813362836838 6.505346151569179  
151 TIL 139.98492 972.1242234073671 -44.28874941575953 55.53176837499339 0.05773313716053963 4.835781894250748  
152 TIL 119.4635 935.3233748525478 -40.72080806542327 51.87859195608897 0.01999952271580696 6.063300933887868  
153 TIL 128.92145 999.897210892316 -43.50704205209926 55.069031707550934 0.025297485291957855 5.850096211044061  
154 WAT 133.30396 2229.77516502144 -31.496829943161156 56.44207624256194 0.006116766482591629 7.44208085521983  
155 WAT 119.75 220.00903320312497 5.577813215709813 17.39393335443158 0.019062519073486328 5.780675809298661  
156 WAT 127.35907 282.136022474612 23.76704525021738 33.83356346034717 0.026920117437839508 5.662018594620835  
157 WAT 107.36774 186.67989414559122 -5.640526842461022 16.665963893643195 0.01980442926287651 5.767760845403569  
158 WAT 108.95715 2572.2630567401748 32.303363909748434 58.70995154302547 0.006487172096967697 7.417604594116086  
159 WAT 133.71039 94.4011713825197 -6.910620381082359 13.700618961642181 0.03014734759926796 5.280279245171642  
160 WAT 99.72614 118.94105034696308 3.8643498552596407 13.721027426793386 0.024999339133501053 5.462456465680222  
161 WAT 163.47357 1436.7141452990604 28.732557187828434 46.33070646636677 0.007707688957452774 7.118498491698261  
162 WHE 75.82642 3687.140278756593 54.278085452679086 74.76114046183524 0.009145792573690414 7.343831157315996  
163 WHE 87.72577 2819.310478534548 42.017411146845845 67.33577188371136 0.005501657724380493 7.629773667545087  
164 WHE 83.68994 2666.998956441875 39.34798835558867 64.46292652095617 0.005730804055929184 7.565464964982348  
165 WOO 118.62042 2649.8861332200518 -19.78973336086059 65.454919951223 0.005561564117670059 7.669815212443803  
166 WOO 118.62042 2649.8861332200518 -19.78973336086059 65.454919951223 0.005561564117670059 7.669815212443803  
167 WOO 171.39374 59.300109710551546 -3.047779538766211 9.683908189624766 0.03569183871150017 4.967885777269889  
