167 19 18 
1 BAR 153.00869369506836 112.34311294555664 100.2631607055664 1473.3423430887487 3182.185939421484 4642.64365511327 -31.332173943323554 -63.60215119749446 -75.56912145423433 50.10567878519204 69.9691802454035 81.50720221010009 0.007776083395583555 0.007012858055531979 0.006765372978406958 7.222739601184045 7.287634822932846 7.293933679113854  
2 BAR 144.5976905822754 130.92822647094727 122.61918640136719 3761.1720056169734 3823.5164369694644 4103.923771921357 15.727368351959234 -49.21747327584542 -60.40586049982137 73.19712314909671 74.20295893159388 77.46577850945985 0.004370945564005524 0.0044677820696961135 0.004520521673839539 7.524781605114441 7.682195030534965 7.765274070282999  
3 BAR 88.63162994384766 66.19887924194336 62.59204864501953 6390.006317026903 5821.6679876845565 5980.768690324178 73.99437002631122 44.694847251537 28.01240826729361 97.91725637516168 88.59263583438496 86.76926799021066 0.006062774351448752 0.010164887979044579 0.01570372899004724 7.242852655196667 7.255932190925884 6.878519814096366  
4 BAR 80.5913314819336 62.05870819091797 58.81378936767578 2130.7811635605676 2147.6013926468013 2108.862248103896 32.73349177761508 -39.55337856555141 -42.1518911092331 57.13715280245805 54.67787532536032 53.79506242202002 0.0062694468651898205 0.007220163839519955 0.007610256536281668 7.451128486664701 7.254501630807511 7.18523375639509  
5 BAR 130.5696258544922 114.79802322387695 105.23107528686523 4546.247166405438 3998.978644457328 4161.124907074471 48.229789439378614 -39.43258763537954 -55.89340013958926 78.3096407394695 73.28342424315726 74.80348324978732 0.004870821183430962 0.005257614640868269 0.00524303677957505 7.407806371718698 7.592151354318637 7.657244199033355  
6 BAR 141.6089096069336 100.99076461791992 90.51335144042969 1641.1436639122999 3054.434603553271 4259.346271540111 -21.545899257813353 -60.4371590435404 -70.53959510445351 51.49574686768191 66.1606369482626 75.5615858510661 0.007096702043781988 0.007491343290894292 0.007575707699288614 7.342314803826809 7.235373781300938 7.2048903441818535  
7 BAR 120.85982131958008 92.27116775512695 85.03792572021484 5237.8891214557 4996.256345171394 5249.926866370959 38.87171544889726 -64.68421590738977 -70.49662633983218 83.03111686946392 80.63863066701967 82.54048812446568 0.004193003289401531 0.005187511284020729 0.006227545251022093 7.693717282370675 7.733080114554872 7.5432198677818185  
8 BAR 127.09353637695312 112.14659881591797 101.65264129638672 2215.424020728273 2085.53502772765 2411.833671505217 34.98469435435424 -35.78031290473505 -48.56478847158952 62.193741040504804 59.43238392617845 62.133469424134375 0.006398602912668139 0.007134475206839852 0.007336443872191012 7.416337210172004 7.368269857164713 7.352310830380498  
9 BAR 62.22345733642578 43.92384338378906 40.2504768371582 1014.683816214267 950.9675365066879 1061.680045400503 27.52533723867893 -29.36184533112871 -32.744325514350486 42.44931513157555 36.422231545707206 37.71427312321267 0.009565800064592622 0.013057183838100173 0.013927071544458158 6.94132900017657 6.530748404637372 6.414351918496964  
10 BAR 123.93892288208008 109.99776458740234 101.12100219726562 3509.668545130739 3216.170151992188 3519.2603402656096 50.982483054118354 -11.94470536359956 -47.01248576623296 73.98734981258845 68.96195359352033 70.43683972414125 0.005320778596797027 0.005756716447649524 0.00555809200159274 7.4012126882198706 7.498664919378851 7.587728423123294  
11 BAR 87.88640975952148 68.01321792602539 59.69001388549805 4864.791285026174 3752.040956708709 3362.9476488572227 54.32969712014919 -41.236215423342045 -45.748012866225054 83.4262692938538 71.588883372484 67.72285892981004 0.007357992595643736 0.008376346420845948 0.01120648039795924 7.442919512982639 7.379879574698147 6.931334485440174  
12 BAR 54.919071197509766 40.27419662475586 39.29082107543945 1446.6859973784694 1174.9700014824532 1039.2431314237947 33.36337550340276 -27.981610144853786 -27.676966385094154 48.64725169832099 40.55071370138108 37.9940854819965 0.008671664152643643 0.011123931399197318 0.012438045334420167 7.051789408683957 6.708114803696177 6.554206758744123  
13 BAR 136.99659729003906 122.40947341918945 114.12263488769531 3378.546130991688 3342.201486715799 3674.4227516685187 17.308461059694622 -48.97278509873169 -59.129001057129976 70.25737991974215 70.47222056860461 74.03892298656824 0.004726849714643322 0.00485038198530674 0.0048689553659642115 7.636465637028948 7.711825909312586 7.737636575110572  
14 BRI 130.02606201171875 103.51180648803711 79.65586471557617 908.6087491742406 1850.4099568701936 3669.446042346197 -25.430669500597393 -48.2219329839952 -65.98026410630301 43.49645783137646 56.400991833220345 71.27740516479507 0.013403993943938985 0.011981300151092 0.014801795361563563 6.511603995129999 6.644429481375637 6.320495513552954  
15 BRI 105.53251266479492 93.8731918334961 88.07464981079102 496.94530065377984 393.6734225367535 473.18749856870176 14.492609494194793 -20.949590909864565 -24.339444804896115 27.32672159450929 24.763095832812954 26.992009539781407 0.012847715624957345 0.01859439605323132 0.023143023732700385 6.435057891960713 6.013806624240981 5.719782767348323  
16 BRI 134.06095123291016 120.92596054077148 110.79436492919922 664.7832951372113 814.3255343721947 1315.706310847686 -26.639133405317867 -33.92793007763014 -41.70226390053509 39.688740824451735 41.992816412704 48.592786700099104 0.013876816214178689 0.012739967220113613 0.011116228459286503 6.549330653838414 6.615600398809131 6.796014124526138  
17 BRI 94.08637619018555 82.87384033203125 61.4697265625 5501.13635704303 4415.631130522152 4920.605986693257 68.0757384842879 51.38334018019676 -43.49950075057772 90.6541816017376 81.44511691112243 79.57130411928225 0.005884816360776313 0.00651911947352346 0.010387053698650561 7.322782457437607 7.58048889690547 7.103803417979916  
18 BRI 84.45012283325195 70.75707244873047 44.90823745727539 3507.6703256992123 2921.888590207437 3714.0070020986427 49.743125990804955 22.42888253751631 -55.3552577459907 74.9417060589584 67.60340781513459 68.76131484890195 0.005484199180500582 0.006621963766519912 0.014840053700027056 7.62245970603549 7.46995391793296 6.7789956627528705  
19 BRI 169.1375846862793 156.9712028503418 147.08405685424805 1946.6019849089523 2146.4304524250506 2580.268455171324 -45.565042515737304 -55.585430327901946 -62.95660743458767 60.48503621664706 66.65899913605422 73.53692927260826 0.009124471485847607 0.00898608319403138 0.00858787637844216 7.155382600307256 7.152177539555233 7.198675476337127  
20 BRI 115.08575820922852 101.33694076538086 94.42180633544922 582.2795222064291 499.8093620269653 638.1385905204094 14.733614597987051 -24.096242334425785 -28.145222744060877 29.212471940197148 27.8138850549343 31.02465623861207 0.01180504824151285 0.016728011614759453 0.020731780692585744 6.535915409276564 6.150012628046359 5.878003018318967  
21 BRI 161.0499610900879 146.4809112548828 123.22305297851562 4100.825396203818 3966.0356573254453 4741.238577611298 -56.68731286589642 -63.950201054284854 -75.07273459560719 80.4279529481217 80.99930847681897 86.74467227274108 0.013653448928380385 0.011647640320006758 0.010396560654044151 6.334024331285603 6.49837458550461 6.678138523922343  
22 BRI 169.78450775146484 160.54197311401367 139.6336212158203 3264.331096046624 3314.3771144054717 3528.1136691331826 -55.45720022450773 -60.70333172654379 -68.75253358508657 76.2498518805431 77.83147592606296 80.62044888954897 0.017993684188695624 0.014727524874615483 0.013792917859973386 5.997063966360297 6.2229353437134565 6.35997714019512  
23 BUI 134.2417335510254 123.28663635253906 121.7994155883789 4522.928186735491 4231.168146861706 4326.704300218414 27.71935242645655 -44.317636811993225 -45.87827712429901 78.06966346888481 77.49810451045064 77.24231798624797 0.0053908968839095905 0.005763376335380599 0.005939002221566625 7.172424770277487 7.157187516236195 7.116548016807831  
24 BUI 138.33209228515625 127.80043411254883 125.46150970458984 5004.61354588731 4929.9239518769555 5020.090043057821 30.594610670471265 -39.93999109348724 -43.17070516501666 82.61237189509106 83.44048897596169 83.58814979065713 0.004885081070824526 0.005079615730210207 0.005261539874481969 6.8222680382376035 6.819303043002543 6.782142706426178  
25 BUI 135.07147216796875 123.4662857055664 127.23684692382812 1144.463481511936 1137.1359041020696 1102.3549040778892 -31.211101341697983 -39.6381944757614 -37.91066315323798 42.61511005531922 47.154688885843 46.76488870495745 0.012214506321470253 0.011888587192515843 0.011522504981257953 6.694767430410957 6.725278545479281 6.788352443472443  
26 BUI 110.11076354980469 108.23806762695312 91.03181076049805 3105.1343531256066 2575.780063872773 3292.7926399700996 52.79522550326066 37.27501616419749 -23.077141077952817 72.82639655403165 65.68156874424729 66.8342419662402 0.006412526068743318 0.006959232370718382 0.009316268042312004 7.370497917530131 7.344940719504015 7.142142537551795  
27 BUI 120.80974578857422 118.78129577636719 121.23142623901367 5899.050870009375 6236.578466171704 6248.9476396538275 68.91024730048312 69.21389717935475 70.47410594574863 94.55173472698627 96.253557017809 96.66363969395964 0.00547573268704582 0.005154269601916894 0.005165550974197686 6.32389853634685 6.052219132162895 5.940692752976353  
28 BUI 124.39121627807617 112.50182342529297 107.60233688354492 5113.693648591807 4414.125550020065 4224.060595966452 44.57302930534085 -39.66968121226523 -48.58240309062852 81.2902632168481 75.23802049894533 73.49871514571758 0.005733573067118414 0.006389685077010654 0.007158390988479368 7.370136338467031 7.5115447248833656 7.448921121768767  
29 BUI 135.8796272277832 124.83710861206055 128.0963897705078 1078.6292977736732 1019.716618672591 922.6750622528825 -29.507478264529126 -37.379742427296414 -34.700857643265486 40.498847217193195 44.364664740626786 42.954610173275576 0.014223171878256835 0.014066071176785044 0.0135123214131454 6.551514889216206 6.569476023089041 6.625898088233438  
30 BUI 158.0518341064453 145.23500061035156 141.38546752929688 2320.1462237521955 2471.157989293688 2585.173922943655 -25.140060043599394 -37.07028487039951 -38.36855495698883 63.42304792374565 66.01464816240242 66.5955986244359 0.009544732456561178 0.009654272798798047 0.009024312312249094 6.646724694078916 6.6021649457839375 6.614525946551932  
31 BUI 160.8170280456543 148.86645126342773 144.53339767456055 2772.9011869446385 2350.0533825672005 2098.7276614720004 -37.635546413210605 -49.073905202235686 -50.76371249961556 66.63543119247902 64.30313955354373 63.16200250916058 0.005638705639285035 0.006410825662896968 0.007198179140686989 7.517802195587847 7.453260750801672 7.330832573095506  
32 BUI 129.0682373046875 119.96667098999023 125.94964981079102 1663.159162019903 1560.8718872273482 1340.8816564769638 -34.209444377603674 -42.50012551265216 -36.4584403074011 47.90462689805925 50.250660106128336 46.126171298760184 0.012343732218141668 0.0127239008579636 0.01417980006954167 6.709894646074198 6.6534372322934905 6.576326240834504  
33 BUI 119.72888565063477 111.4430046081543 111.81675338745117 4122.855425407671 4036.1225697895534 4394.781533561582 53.24155313337337 46.872108301140486 51.60092712078663 79.69108012012524 78.90947542047427 81.75591729815997 0.005108253797516227 0.00565225858008489 0.005707175994757563 7.105425584512527 7.058864855867593 7.019521696492899  
34 CLO 136.35950469970703 137.18995666503906 133.8407974243164 673.6928922996212 284.3906885133959 96.89980156063847 19.509896519970003 15.450261725006595 4.918795906960335 32.678924976835305 22.254109877229954 13.139646016521306 0.011800372463767417 0.018679624612559564 0.033963457608479075 6.5794037748161145 5.971280602895142 5.184934131685861  
35 CLO 119.99820327758789 128.78558349609375 133.23179626464844 481.07531797252454 253.58697077038164 215.4673431328763 22.53713034787211 19.613149131245837 15.83344951597421 30.682025942425973 23.25720491887579 16.887860406283213 0.016573772707488388 0.023754951151204295 0.04564191684767138 6.213225071213133 5.648729776500019 4.706854469954387  
36 FAB 143.20458221435547 125.4366455078125 102.47173309326172 6596.790185015533 6427.825459105723 6851.059660558545 38.65027968567801 -55.054705819533226 -77.39863486442663 89.97595233717662 89.85294588657521 93.34392808176486 0.004139978322200477 0.004444873979082331 0.005546629545278847 6.541334164819747 7.081340214084771 7.427106785765575  
37 FAB 178.55321884155273 96.0848274230957 47.12493896484375 2375.176588226794 8284.784220107702 18277.04595729812 -31.128240262839004 -95.58185845033765 -137.90851624497077 60.2181965896878 99.50253560592768 140.10133451283792 0.005240752303507179 0.008123855499434285 0.011096653150161728 6.9831314043875725 7.170666697492365 6.784483215838398  
38 FAB 155.1197395324707 126.32722854614258 98.54718017578125 3320.641183828289 3504.88511943081 5406.950552459808 -25.974645911037864 -60.51635733093825 -80.17912207319169 69.69126115420912 72.41359861212938 86.7105513455302 0.00460210676828865 0.005301407378283329 0.005966522643575445 7.396372098653903 7.588574049046791 7.523864409588361  
39 FAB 128.08059692382812 97.08490371704102 82.74698257446289 4292.461765853855 4393.5313955663005 5257.323544919303 51.071055989313905 -53.53798170225836 -69.09221625996415 79.50071566361503 76.92662408447664 82.216755704794 0.0044260014983592555 0.0059385344793554395 0.006496313537354581 7.254140948669106 7.387118482552118 7.419465132175839  
40 FAB 131.41783142089844 105.95194244384766 74.89515686035156 3397.296188681521 2987.5201247738664 4378.264309949127 47.05067647847244 -45.75368385732341 -66.94676633765256 71.50807828629358 65.31803896577871 71.82594254851098 0.0060194539109943435 0.007306662038899958 0.014951030840165913 7.178011904648075 7.236149452313887 6.6419198577876575  
41 FAB 155.05875396728516 126.54780578613281 98.3709831237793 3643.4776194521987 3833.0313122621574 5815.99211185045 -23.375979295628078 -61.57598218931698 -82.50617823594692 72.2841925695529 75.05487174549695 89.66515037301494 0.004277915111742914 0.004997964293579571 0.005595929091214202 7.305339267450835 7.597178664008736 7.5982217359531425  
42 FAB 142.2298583984375 127.56282424926758 119.6292839050293 1978.4044328670043 2057.6176539184507 2333.728267985014 29.16064930838986 -38.573728318894 -48.10004262296464 56.67638973731836 56.7468647030477 60.130776588769756 0.006423606944736093 0.006560385940247215 0.006631530879531056 7.360957209254134 7.397732696349075 7.411706457745953  
43 FAB 131.7279510498047 113.89601135253906 90.60243225097656 6362.532396517388 6017.683316535259 6293.37154218807 51.06123024134017 -45.6281687081712 -72.86325748110711 90.09606762994157 87.78332621951627 89.2299138686489 0.005124501010868698 0.005362258569221012 0.006753789522917941 6.851448693721863 7.252939508856469 7.428937213972182  
44 FAB 141.97572326660156 113.82950973510742 93.81425857543945 3721.2438488209623 3683.9681911448997 4890.451055079864 -24.046208447624984 -60.51324903617804 -75.17652613359115 73.24339213870428 73.49324003738373 82.76556225848947 0.004651878771255724 0.005459915802930482 0.00587837140483316 7.591797312286454 7.601801222367175 7.543404903436153  
45 FAB 111.36209869384766 87.73921203613281 75.62588500976562 2903.277408081903 2639.144753103324 3206.5646385686205 49.65442814754178 -37.99944879328675 -53.50034080776781 71.12283138616831 62.58017088321777 65.69727807071227 0.0058358897804282606 0.007396251050522551 0.007890045235399157 7.411389291405697 7.281075848834669 7.241269471666748  
46 FAB 123.9875373840332 97.45175552368164 66.7763557434082 3255.6319056980983 2724.6563396020497 4168.876359657868 49.41031684287447 -45.43838162876557 -66.28242952943947 71.86347516808193 62.16117557502142 69.42552736964106 0.0058102662151213735 0.0074189180304529145 0.016120603337185457 7.274178265817886 7.258423887843073 6.5282657878817885  
47 FAB 134.77529525756836 89.19864654541016 74.45166015625 1122.6208983168656 2899.851840122266 4330.02845882303 15.252088869618273 -58.50530481579784 -69.79042354558753 44.361757236693165 62.984541865936194 73.42393118968857 0.008623377711046487 0.009949859319021925 0.010931163153145462 7.083220997617146 6.869842930445021 6.742544535812776  
48 FAB 169.91274642944336 92.42300796508789 46.23200607299805 2257.8447618416644 7243.792174043231 16178.772041701597 -28.568119468464126 -89.45707735583349 -129.74375538463642 59.15287128573918 93.06997172267607 131.7814827465751 0.005666214958182536 0.008719440404092893 0.012126836241804995 7.270828664402403 7.079870917742217 6.683987626919297  
49 FAB 150.79913330078125 137.0660743713379 129.4114112854004 2255.4558226253994 2368.931389864809 2653.6335616546353 27.202788387585233 -40.32264769368657 -50.00485922859693 59.486066265034154 60.6287947846771 64.1529749189146 0.005919524191995151 0.005966881144559011 0.006006474461173639 7.34863622257607 7.45603371321131 7.499251566502111  
50 FAB 165.96393203735352 105.39594268798828 52.60512924194336 1092.1489714723714 4386.332680892257 13275.455539709415 -34.25504731258699 -71.64267535340309 -117.05038385455785 49.02960413093499 76.97915646219396 118.86866784888818 0.010510109525057487 0.012053711703629233 0.015794288556207903 6.898741248541062 6.675942842943761 6.249743124475657  
51 FAB 141.96175384521484 127.65510940551758 118.80861282348633 1435.7156621647644 1588.0981167143138 1841.6273603755697 35.092765467159964 -23.880763206188778 -38.042424075957435 51.59556065808972 50.53125732436031 52.0450839976663 0.00828323837777134 0.008469544045510702 0.008851266247802414 7.012081037778294 7.035777844945102 7.0151757481822195  
52 FAB 144.58435821533203 118.61186981201172 100.42052459716797 4195.801393525977 4127.37702072747 5152.635172034567 -31.777788151749313 -62.669534000691904 -76.77772852515947 75.63957931297152 77.80317728194575 86.4557199607013 0.005091149912914261 0.005597336188657209 0.005711145771783777 7.368573665455071 7.5415838348762225 7.598887894015942  
53 FAB 134.24305725097656 115.73405456542969 93.92749404907227 6460.357098989041 6020.023096420003 6199.334782438252 48.13695326942122 -49.89051445265962 -72.7912038243495 90.12848215043978 87.61370564349771 88.71833662864327 0.005317507937434129 0.005594400936388411 0.00680936872959137 6.78354638067131 7.245846027997675 7.4290949662867956  
54 FAB 145.95904922485352 129.6716651916504 120.35416412353516 3093.8658576585976 3115.4994707298115 3564.9031582111397 -31.93464834122375 -54.354187156663684 -63.780258207952386 68.04812422290188 70.22388406853415 75.8911146839274 0.00506152308662422 0.005127193493535742 0.005164405069081113 7.626507047692922 7.685934106221533 7.698789440130851  
55 FAB 167.6024284362793 107.61866760253906 47.480350494384766 1076.7898929349647 4473.92636727588 14844.66283989608 -34.91017096903818 -73.69559698344135 -123.5414486588232 49.572990818996814 80.45565365669032 125.24104893585034 0.011000499434885569 0.011459999819635414 0.01787803949264344 6.865489994385638 6.766317877632399 6.132547392452817  
56 FLO 166.1592025756836 153.70115280151367 147.92785263061523 2654.6869882125497 2894.1480611281104 3506.887501352805 24.943982280923368 -44.866474242473416 -51.5722594788386 63.30206486480375 67.1327408071913 71.7889118097482 0.0053863333887420595 0.0054721115448046476 0.00514249166008085 6.82627049920153 7.208449415533472 7.239344639452544  
57 FLO 206.47150039672852 185.66888809204102 181.09270095825195 1300.7545512407025 1680.2504594703275 2503.2516214611537 -32.6568401259278 -49.4380250292321 -59.01743169314247 47.816616916828856 57.84317892143945 68.28296464626199 0.008484681384288706 0.009075481051695533 0.007108043544576503 6.662098724305285 7.003786612662932 7.282443222381283  
58 FLO 70.15533828735352 52.0106315612793 13.485298156738281 5574.757848592534 2291.592203810026 3329.275092616001 75.98639521315894 -33.91957411851474 -58.29560160009058 94.22869196366689 53.67822469867635 58.80188670257433 0.012447492917999625 0.01011041812307667 0.06698867968225386 7.055935210980548 6.984647984422882 4.46403222903996  
59 FLO 74.9596939086914 51.86341857910156 9.9412841796875 4718.413429743362 1954.225477738744 4296.805958146115 60.32729418348903 -42.786511629293145 -65.93329756276388 79.77304676260717 49.42296548219013 66.2464451697283 0.011173746068379842 0.010007253658841364 0.06650937457743566 7.0873404123013275 6.858872718921409 4.4304838676840195  
60 FLO 187.37734985351562 171.00086975097656 163.54227828979492 2419.578363621548 2471.764607912485 3337.7837147065106 -45.11515972373527 -56.93331310040789 -66.77369511770502 64.82080838842977 68.58659150785269 78.70329548708894 0.006421179728931747 0.006638838502112776 0.00578809117723722 7.191537038139868 7.4141700753571635 7.572169891485006  
61 FLO 184.39911270141602 167.29152297973633 160.39717483520508 1614.6025231726799 1553.0595969540332 2473.665898638506 -37.00928544574323 -47.458983808198745 -58.56880339071376 54.29332123606374 56.770414128364365 68.23014891035581 0.008037531850277446 0.00892855171696283 0.0070752228202763945 7.169138551512862 7.028083448883569 7.325129788779737  
62 FLO 133.93363571166992 97.19910430908203 120.76508331298828 3318.263360823108 3415.915390675811 3896.624415764824 -34.20899227291141 -63.815060396025714 -54.05636371652467 67.80241255145185 69.87926144318959 73.48539691774998 0.0052321378025226295 0.006445638355216943 0.004942959320032969 7.64924907461706 7.352858729504834 7.715498024269868  
63 FLO 143.93982696533203 102.69250106811523 129.75856399536133 2608.1555970344225 3349.313053849659 3190.5734914434024 -40.91258131845673 -65.35913740624659 -57.651213118699566 61.455128693923655 70.9253273714363 69.96871378134956 0.0066067970474250615 0.007231967218103819 0.00604263273999095 7.416647535617752 7.1790318445807495 7.497393656481066  
64 FOO 107.87328338623047 43.8558464050293 14.075931549072266 3660.8877057268346 5552.459164741236 9066.483127022317 -19.869782388514615 -79.00503637338156 -96.2055571667579 70.14394182431728 82.33887494320635 96.95043899328199 0.004894837737083435 0.012618210341315717 0.04313354745681863 7.725326130098185 6.758919118964885 5.165320514508219  
65 FOO 136.46327590942383 105.11701202392578 83.17504119873047 7364.919900755089 9500.531492204023 11548.287097085766 58.129578131105035 -69.87302272297768 -94.07958739242686 94.69943073715876 103.68649240019016 113.80047581162748 0.003503706364426762 0.006071496929507703 0.012628821394173428 6.090867987374814 6.4498479413325835 6.235976222961824  
66 FOO 149.1613883972168 95.70459747314453 62.22075653076172 6471.416050499469 6653.6458093663405 10959.782374469893 26.66837405439892 -84.65231536866477 -110.02760319425118 89.71643530626949 93.17342213779547 114.3920955513993 0.002860436085029505 0.005542753729969263 0.009965669916709885 6.543446602432299 7.677172638043723 7.204994380130165  
67 FOO 139.2251968383789 99.09177780151367 82.2358627319336 3142.221869402171 3107.3220186290155 4341.816346865024 32.43323363648582 -60.90474472299321 -70.94420843294075 66.59527591133221 66.00486838419596 74.88718757757033 0.005256735312286764 0.007835442636860535 0.008776996633969247 7.481395340905016 7.154624225752372 7.0057007485727  
68 FOO 99.49115371704102 40.974430084228516 14.733089447021484 3577.9743251040927 4523.427074100918 7276.881994526873 -21.481824874148163 -71.42918725225842 -85.70735814379543 67.42509337001438 74.48948426837714 86.0227449184131 0.005507560170372017 0.013383373050601222 0.07529899942164775 7.576912182375354 6.62092873189579 4.374484258027644  
69 FOO 129.74906539916992 97.34760665893555 93.34450149536133 6583.542969805072 6319.732053989736 7894.827251597612 46.56531953343138 -63.203137246623136 -70.68724944879042 92.94070485803215 88.92223570582897 97.95270269340455 0.004145401660935022 0.005543222039705142 0.0057444272097200155 7.052262885952496 7.383465052052145 7.113595894925041  
70 FOO 129.74906539916992 97.34760665893555 93.34450149536133 6583.542969805072 6319.732053989736 7894.827251597612 46.56531953343138 -63.203137246623136 -70.68724944879042 92.94070485803215 88.92223570582897 97.95270269340455 0.004145401660935022 0.005543222039705142 0.0057444272097200155 7.052262885952496 7.383465052052145 7.113595894925041  
71 FOO 168.72205352783203 108.36933135986328 66.84652328491211 3692.271531181147 6174.389504195382 11967.274198556694 -54.60939782757779 -88.615492072375 -115.25140154050678 77.4388341766563 97.12051763435927 120.14760486314447 0.005197284466703422 0.005722446832805872 0.009338849151390605 7.385176840076299 7.602358124297824 7.1222280027144365  
72 FOO 84.61429595947266 65.09590148925781 60.983463287353516 5306.754316206071 3404.4981374065164 3572.2834605370613 67.40433548983192 29.380212204039925 38.21946697647962 92.30723611768953 74.0672806833733 76.60269766082537 0.008533738102414645 0.010649947071215138 0.013390450418228284 7.067236743755789 6.988219606904932 6.779511605359746  
73 FOO 177.9127082824707 109.4807014465332 66.17227172851562 3998.6063518782416 7698.131478432313 14644.031988860293 -54.960191294787315 -96.03205687381431 -126.45939536366132 78.63739515402519 104.16399650533151 131.0982055851262 0.004116013995371759 0.005311964909196831 0.00950316310627386 6.842914281613247 7.583598525661929 7.181641480015101  
74 FOO 127.6899528503418 97.5792350769043 72.33203887939453 7722.450223111284 7019.943823513299 7828.259536513562 64.04165146619721 -53.250343703597395 -79.71988362715548 96.92546311765268 91.99044067227223 95.50786483902537 0.006382874373230152 0.010196197268669493 0.0139381411136128 6.074906303237463 6.6516924868119185 6.764321560838734  
75 FOO 150.04410552978516 95.29570007324219 61.641448974609375 6442.425132923736 6807.674843492538 11166.664547310598 26.880475956782035 -85.80639090923921 -111.02897301249475 89.26894950603743 94.10376302313277 115.28907453724287 0.0028639518859563395 0.005601990997092798 0.010103849519509822 6.486548459462023 7.670240183756534 7.185446233616459  
76 GRA 157.63155364990234 134.9703369140625 111.78642272949219 5323.613141007823 6032.167666155626 7637.140524311426 -27.116415167776093 -65.98264017535826 -87.42994190529159 82.9493793471437 89.35273950261556 100.94297386815148 0.0030025672604097053 0.0034732802741928026 0.004217695139232092 6.593598906914417 7.1104488173292015 7.429508995700826  
77 GRA 147.5074691772461 126.12969207763672 103.55559539794922 4982.305173399721 5474.022356990124 6930.915897039098 41.1575316519762 -54.7576571449898 -79.6633304227544 81.29273934261121 84.7390107890199 94.78997877931754 0.0035409587871981785 0.004032441749586724 0.004653380558011122 6.803335305376139 7.193887998406746 7.440217438078933  
78 GRA 97.46191787719727 63.299072265625 38.37604522705078 3217.309516260557 2962.954713645564 4292.426800915664 59.42535335769948 -47.812183187850124 -67.26142003282455 75.78866588399792 59.5881063483343 69.16255254990118 0.009346657927380875 0.015757463246700354 0.026347847204306163 7.218863226018217 6.716919905659163 5.9728394476810225  
79 LEA 91.2066650390625 91.06171417236328 65.50452041625977 7220.101820851854 6732.143354188648 5986.567113862141 67.69037587354475 64.31211805735887 -41.24964042572348 96.8689441993244 93.3372304323437 85.19903225331026 0.008265562923043035 0.007219746810733341 0.016784678926342167 7.489375151747116 7.577046261722117 6.891774940073787  
80 LEA 89.41101455688477 45.11452865600586 39.43437576293945 3874.6458901608253 3174.680793681034 3965.045036789361 41.14582792051304 -56.88281079000608 -63.63229366150038 74.70112868271099 61.7468157431376 68.44252034379991 0.007858086872147396 0.012537072179839015 0.015313112133299 7.592744142209565 6.71344497033567 6.561424255414279  
81 LEA 72.92898941040039 62.83586502075195 34.51515579223633 4978.322926112756 3801.763916475283 2742.855553109389 70.9663720389297 49.92627920312019 -50.64338819107316 91.02467626375176 76.29319344455237 57.08965016735324 0.009873526243609376 0.010206315535469912 0.025475803180597723 7.2320513795233206 7.152853986222416 6.027263734732109  
82 LEA 89.19765853881836 75.92243957519531 62.007972717285156 5514.818784059364 5146.259282185882 5002.627530935699 65.54715581623387 45.38178429803013 -31.620448940470855 90.77154342944648 85.41211385789907 81.80308691554959 0.006011899764416739 0.007638729381142184 0.013871190749341622 7.355279038943854 7.535582013679008 6.933947643333945  
83 LEA 112.81842041015625 87.94744110107422 80.31921768188477 4655.70309757452 4195.40567619459 4235.397543757807 35.8728435065403 -58.15936202360314 -60.37192604801877 79.40965446531118 75.77337017068044 75.68487438069909 0.004404045466799289 0.005124552451889031 0.007208078197436407 7.762894194493301 7.717595645598678 7.272330784930526  
84 LEA 68.11082458496094 67.42253494262695 44.90438461303711 3480.768601716405 2907.96113475165 3005.9253933532277 63.4842143719732 54.77312243489427 28.99518522241638 82.67676051085395 74.96007122364955 69.75214792321914 0.007441668843966909 0.006839941328507848 0.015486123826121911 7.302440825364923 7.451730991159459 6.579524462810747  
85 LEA 105.46552658081055 79.34664535522461 72.50283813476562 5091.592569222108 4370.54172440623 4236.306559869095 53.31944504525336 -54.41368816449829 -57.265462408150064 83.29401916035569 74.77951776967488 73.90997953903566 0.00494666415033862 0.005987837314023636 0.008441183003014885 7.662922019159191 7.603909132270488 7.170763751394646  
86 LEA 75.25131607055664 35.526737213134766 25.51152801513672 1024.3254854016486 1802.1265106373285 2598.1035423366684 16.240329706499836 -41.7645442294969 -50.803022188260925 45.15348902919842 45.51480584046642 52.21955684083914 0.009595241936040111 0.03038381137594115 0.0588217995245941 6.931758969063486 5.394497356984214 4.46882300197836  
87 LEA 86.40116882324219 64.69316864013672 59.77134323120117 6285.322309416471 6277.809256523653 5923.489618063243 73.46870623518016 56.06315041124234 45.548715332445774 97.85490322685523 94.93891679617131 90.66755284816298 0.006867637028335594 0.013428180332994089 0.015292148527805693 7.216473985887052 6.988075957125971 6.832529664594735  
88 LEA 106.03251647949219 89.57949829101562 93.40214538574219 3342.1838334085783 3819.9555049048145 4753.021710939294 52.51340147869842 36.073248536822035 49.84989360922837 73.2469557162024 74.07250055584771 83.2539919598519 0.006935916724614799 0.008624326408607885 0.007383646894595586 7.404863216060482 7.286205166884751 7.27843470833466  
89 LEA 133.5804214477539 119.26853942871094 75.66364669799805 2833.48256893244 2741.5273008099834 4590.332105407114 41.203648306380735 -39.939076494471536 -72.66318065362707 65.97770309127039 63.36676125706733 76.84446022498811 0.005470966425491497 0.0055393461807398126 0.008245222852565348 7.438935922541035 7.590504035191163 7.105093980999257  
90 LEA 106.62580490112305 87.45094299316406 77.55143737792969 4584.941303544396 4273.655184235771 3980.0177238731085 42.124617109943806 -51.26701634221281 -58.4223945500149 79.38405455850724 75.5763769830411 73.17227718635829 0.00452974064683076 0.0052096539438935 0.007012003698037006 7.767469352089296 7.718830859431388 7.312867101885004  
91 LEA 73.72751998901367 64.2091064453125 54.285255432128906 5116.073005780279 4055.6112194031034 3792.1546477939037 70.52827545418386 51.54126543397224 40.55093943662037 91.4979029736002 79.48695200797823 76.78482214487252 0.008005964424228296 0.010602910362649709 0.013970126688946038 7.3475317657303245 7.307500158912816 6.796660959989986  
92 LEA 100.19902038574219 97.140380859375 68.86434936523438 6294.828425265846 5667.610387397142 5909.560514926022 59.50001695362681 53.144028923514945 -55.740459145573084 92.06407555014192 87.2280633692696 85.2629082541548 0.004994401533622295 0.0049445799813838676 0.01170468189229723 7.745572091277546 7.828551181835407 7.153638033319906  
93 LEA 41.17739486694336 80.41278076171875 33.69161605834961 1218.7136291705385 2465.3116848197747 1167.5374906509337 36.06461282193656 56.9247412012507 21.703950907421994 50.04404796457607 63.389887314085385 43.05161278960577 0.016652933714794926 0.00964872665645089 0.05365254390926566 6.628334048965262 6.920792906307475 6.023535742697476  
94 LEA 69.7793197631836 65.59649658203125 29.847904205322266 5873.086722011472 4685.174976379033 3082.6061472631964 79.83907630112685 63.44308980773459 -50.095855973885236 99.8330632773508 85.78904481699144 60.20663804040778 0.011844505468616262 0.011010707807145081 0.034127981736673974 6.901327458785177 7.269611540358306 5.798928174892917  
95 LEA 66.95251846313477 65.31206130981445 34.04115676879883 5264.336288433034 4333.466028040533 2744.652223805494 77.3802905227737 65.65820761076756 -41.70251434078721 96.72877582942677 85.41640536651666 58.73232478767103 0.010727866829256527 0.009489871808909811 0.026363673692685552 7.006797238901366 7.318966533106875 6.049426616846892  
96 MET 116.77592086791992 104.87918472290039 94.58113098144531 4087.498475504106 4043.0897369641393 4414.516811587703 63.10365467520011 51.600376956991745 34.4435254542067 82.82471355461527 80.16740389626294 80.21908739240935 0.0065841488394653425 0.006643171887844801 0.0073791615141090006 6.785489134296363 6.943501227707691 6.992645654224343  
97 MET 110.68269729614258 99.59546661376953 90.48460388183594 4215.471634181744 4166.874067494199 4365.8219400327 66.3779417504549 56.164114215668526 45.88594631979086 85.05168819144338 82.12672334675598 81.18989177428624 0.009707211545901373 0.00889798351272475 0.010525611956836656 6.603359614072213 6.7942192442437594 6.789124030443041  
98 MET 139.64844131469727 120.36151123046875 102.99453735351562 2877.937048751822 3334.7293713778436 4205.861497654905 45.93431704447716 -37.12433734263294 -60.9045512599083 67.66859859050712 69.13393142022677 75.40846886517254 0.005698165929061361 0.005784109307569452 0.006033518089680001 7.115602594209549 7.318340419552213 7.4332548653168375  
99 MET 131.1295623779297 113.6707649230957 98.46883773803711 3337.1107084139853 3609.524954760267 4069.6744928415183 57.21691375678827 37.32148074078814 -46.510879930679835 74.45838939930074 72.5051549337802 73.07350663635987 0.0070315019256668165 0.00791468816169072 0.008438704622676596 6.724544718123583 6.885053203551977 7.062282368466378  
100 MET 136.61281967163086 119.1942138671875 103.89435577392578 3485.961308913443 3823.4174419325673 4357.77181435806 55.704655347361786 32.216685628532105 -50.10135825324669 74.01218651558962 73.21435679358923 75.2153070683426 0.0063538738613715395 0.006997589589445852 0.007380315742921084 6.689844374478317 6.8884731673289075 7.107484339079219  
101 MET 139.1787338256836 126.8310775756836 122.25603485107422 3631.0063003895525 3809.635748983976 4072.5965571816473 53.04741377823925 35.724127220328135 -18.12190068969305 73.99227311708412 73.40298921658835 74.94243990560217 0.005482552704052068 0.005727475072490051 0.005560323625104502 6.827711137283418 7.015694212009515 7.107005329286832  
102 MIS 121.36917877197266 101.01133346557617 89.68846893310547 525.4111618670504 918.3385762122344 1439.7612422648058 12.137677758443251 -33.08736979884384 -41.143035659743646 32.23902389791035 38.86090278288944 45.30020294080153 0.014082855937886052 0.014219763994333334 0.015799856220837682 6.504991912067708 6.484675697958112 6.357479190870826  
103 MIS 118.23420333862305 98.75553131103516 87.59403991699219 335.1724017567025 718.5191620803014 1227.3634901094047 16.755839385141513 -28.038874241274936 -37.2342776146256 27.013945083142243 32.36794481331574 39.821837451347136 0.019070309936068952 0.01834121446881909 0.019966643551015295 6.114662527520062 6.146047944389694 6.0322349993189475  
104 MIS 62.857818603515625 69.09303283691406 32.28718948364258 3063.9265846753983 3267.060640039331 2183.3398080425504 54.89293696810957 60.77453063544264 -42.398192418627765 71.9663377057 75.64183252778668 52.0924194458006 0.011017815850209445 0.009874601892079227 0.02802761622297112 6.895830456060063 6.9984441341061245 5.713916750125139  
105 MIS 66.23714828491211 70.07697296142578 32.74391555786133 3041.4005821502806 3283.7988298285986 2260.6888038686866 54.42098626595167 58.60260295379523 -45.61970815109582 71.24913195652869 74.13733968142245 52.267222950907986 0.01156127879221458 0.01033803026075475 0.027635282880510204 6.871522759185491 6.967759961692329 5.710303671827851  
106 PAI 69.23706817626953 61.09902572631836 40.01005172729492 2362.4655272025193 1793.8036641492097 2188.423082320176 48.94759833143007 31.905573648653558 -33.7538080786981 66.41435594242475 56.14367788830746 56.50645159540409 0.007676998066017404 0.008057067170739174 0.018462363936123438 7.317916919013037 7.198162345943999 6.28739265196572  
107 PAI 94.56422424316406 69.48972702026367 54.359683990478516 1947.2197979820428 2116.1331680020685 3375.1582260196296 35.76784831269117 -44.388144470535636 -58.5110447888743 57.30992562672119 55.5473100601865 66.93253880833684 0.008600057495641522 0.010472019159351476 0.015124131430638954 7.037855966891854 6.768960223819879 6.3549319082461455  
108 PAI 79.4856948852539 73.43889999389648 37.769596099853516 2422.2806638924735 1978.9703651111367 3106.147901978236 48.50074354453745 32.17357254015875 -54.770595959005504 67.78769411763894 58.83460191181106 62.778497214096134 0.008179716722224839 0.008850887694279663 0.022780804429203272 7.125129323440233 7.010687509771237 6.012341985788266  
109 PAI 86.33400344848633 67.99351119995117 59.98093795776367 2242.9675394547767 2221.04160927675 2575.75957249905 39.142183367773995 -34.94085320131232 -45.0634950197112 60.86943671874008 56.9349392700794 59.868394708927504 0.007987274962943047 0.009844775981036946 0.012647353374632075 7.11655392504118 6.8745726217901835 6.520607357951415  
110 PAI 164.71549606323242 89.8521842956543 54.08696746826172 2911.824433956505 6652.5301326553 13041.976504651528 -41.45800856650917 -85.08016852689802 -115.95651298797479 65.9886123054403 88.22931657270091 117.73479954756155 0.005715708917705342 0.010211756161879748 0.01469306914077606 7.386754596007093 6.9098280590242585 6.46145656244591  
111 PAI 102.1412124633789 84.7834701538086 64.22027587890625 2840.6049522388084 3017.166543615219 2944.3846628603633 -27.69030487632975 -52.613720365740186 -60.36100603149437 63.829078194983275 66.09508728586188 65.78065474672873 0.006878322135889903 0.007758706051390618 0.012117105143261142 7.263599904902231 7.095064505230442 6.434362837576943  
112 PAI 109.7413444519043 85.85201644897461 72.84574127197266 2098.343326038982 2678.5112346219753 3707.6603588423527 29.61328910304989 -48.90734638877088 -61.23827048596426 58.356167899926476 62.819160546335546 71.57230186562039 0.007945376637508161 0.008464050391921774 0.010672685122699477 7.126543953098488 7.045083865600328 6.709384265084943  
113 PAI 179.90414810180664 91.55664825439453 50.196990966796875 2125.213045225814 8915.988351020198 17991.339783011677 -44.17599395967349 -97.74575924505163 -135.96589041565775 62.65235138105181 100.58810887182761 137.50669746946943 0.0072210032667499036 0.010432166149257682 0.016786824751761742 7.165065163651741 6.901228995536527 6.399913975659539  
114 PAI 82.97355651855469 68.90478897094727 46.04584503173828 3031.2531078224674 2810.402322020081 4469.657878517011 49.00406723890615 16.448914367360263 -42.677537330730765 69.91836301858928 64.56442477072493 74.2791024334065 0.007856140800868161 0.009233291348209605 0.026234464065055363 7.148483311131028 6.976950519251469 5.986943977582054  
115 PAI 124.4733657836914 92.96041107177734 77.30165100097656 3728.442962809462 4689.4609494803 4602.874359950795 -43.01590188705129 -70.1053297260879 -73.38797678291262 73.88111276992828 81.6542620181095 79.96707893456075 0.006318116691545583 0.006739145901519805 0.010048669544630684 7.4000956595926795 7.299447989364942 6.749093195376087  
116 PAI 97.00821685791016 75.95980834960938 54.80720520019531 2606.081666181081 2581.9151262011487 4187.90876866786 50.050637245887096 -38.90012925855552 -61.511051056960945 70.10240739307298 62.147803932620334 73.59369872185678 0.007876150717493147 0.00863488439063076 0.014628681936301291 7.144104911659537 7.067450302308238 6.539567649435619  
117 PAI 76.36225128173828 60.87407302856445 51.7586669921875 2833.129058422345 2629.729399336479 2956.951473367164 49.47257204327702 -13.99075834487834 -37.848728871082514 67.99008200432708 61.01776946892308 63.69520159094526 0.00892096702591516 0.0114328455820214 0.01691045187180862 7.0861430029031185 6.812401977326164 6.410891388356055  
118 PAI 117.59315872192383 73.40487289428711 45.40635681152344 2301.9333838358643 3773.6085862309915 7019.692065199411 34.85677069455876 -64.50608813516676 -86.85035352423279 61.13235873227928 71.95877411514397 91.34872841031593 0.006358936763717793 0.00788101731450297 0.022172103621414863 7.413345807522824 7.169157856605212 6.396032904718091  
119 SAN 68.40966796875 46.972442626953125 17.838443756103516 634.2581212520599 960.2865903675556 2870.782378230244 16.49815558751662 -33.39335474608552 -55.40581485223243 33.2655107700132 37.62799645814772 56.837689901996164 0.0117031200643396 0.013039165598456748 0.057140542383422144 6.662287026741097 6.474648417271278 5.137730498211331  
120 SAN 73.0769271850586 47.134033203125 15.237197875976562 665.2536647255728 1214.7115992960246 3677.7525049129135 16.501651550510037 -37.6370753530125 -62.30478235120384 33.42128695334981 41.488515668358296 63.60125850951932 0.011218948915484361 0.012392282238579355 0.10866948614420835 6.694176917253423 6.5359413521924274 4.685619553838112  
121 SAN 81.56480026245117 60.910587310791016 39.81362533569336 4457.7558030466525 3421.742124426323 3441.4340578121887 61.07582742021722 -17.10591610628498 -53.78829779548748 83.88718434100258 70.36142514205345 65.14098418060988 0.00686624035006389 0.009304515479016118 0.021605098590953276 7.432301164874664 7.2412601957219955 6.276907413216106  
122 SAN 87.38706588745117 63.969356536865234 41.139827728271484 4950.189844467442 3862.2079544570997 4087.0796493973207 61.62369146092801 -34.99993883589101 -60.086801773187986 86.04777030932341 72.47547941880825 70.08817546667049 0.0063078315142774954 0.008641494569019414 0.02094341798510868 7.4822916095268255 7.324264586058146 6.33687107261764  
123 SAN 90.63255310058594 60.511070251464844 26.641830444335938 649.8587953383884 1458.4777779241108 4540.095296135321 9.782158648053745 -41.73446117308616 -69.67121915382292 34.35493205150152 45.91172996462748 71.6438859606889 0.011602287224377505 0.012299437701585703 0.029125501838279888 6.687513224186109 6.57534244461108 5.66003009972999  
124 SAN 71.36811065673828 48.78955841064453 18.992332458496094 636.3002779316262 1029.7785809652175 3084.186003662971 15.198888823157649 -34.85278769894625 -57.50322925102069 33.13909943003422 39.010684757174346 59.02743727681578 0.011606802887399681 0.012748736262437887 0.05492970110208262 6.669073648519894 6.5059836421928505 5.20861382534575  
125 SAN 65.86077880859375 41.721290588378906 10.002853393554688 538.7776984506 984.9605463347178 3288.781941591715 17.47353926158757 -34.146945041242 -58.35379323646315 32.0430369621541 37.493367211236404 59.14961210660307 0.016209270092076622 0.019154600813635625 0.15390276657126378 6.188963461113181 5.90092488386661 3.878772765993285  
126 STO 84.87594223022461 84.29965209960938 66.0357780456543 2218.8742466660715 1829.264573882839 1925.8863623038253 44.13905614521933 39.542112119063106 -33.450582541661845 61.387100229241746 56.65120283955495 51.89326966315688 0.007329990970902145 0.0076706442050635815 0.008641487554996274 7.356742513439851 7.286488940100967 7.136048293568317  
127 STO 107.65929794311523 78.99638366699219 55.002262115478516 778.4071345417053 1575.0745969875718 3445.5890586742426 -27.85889363574573 -45.01193348831271 -61.867863999744074 40.66641172624515 51.77144034109652 65.42881833965272 0.017852488803328015 0.01827377472363878 0.021210064805927686 6.243537958762582 6.212126657956408 5.910869221958887  
128 STO 124.5846939086914 112.91384887695312 105.2693977355957 938.5839524329431 894.3089135333855 1049.1331941138396 25.15378610411316 -23.86140391699294 -32.428534110954175 41.953810491489634 38.76925518276716 40.228515613658615 0.009780475942534395 0.010938913372228853 0.01173584265052341 6.919650077092743 6.771937966599631 6.688461219006097  
129 STO 141.25669479370117 126.45515823364258 117.67859268188477 961.4921102568977 1047.1341176777205 1331.9179606994792 25.70882916459547 -28.52191517081796 -37.72396530405783 43.50202416111149 42.431065340084714 45.94751538457635 0.010032947509898804 0.010858313558856025 0.011329731627483852 6.8980909718667265 6.8112337735342745 6.771031623923512  
130 STO 86.94341659545898 41.830604553222656 42.27252960205078 1743.2533481484004 2583.7953873345273 2596.644974388249 24.07108685801623 -54.001320276742796 -53.97686346396051 50.427867323479106 56.79479522065357 56.79262987009355 0.008606770177721046 0.017189243997563608 0.020402943642693572 6.951871786772932 6.061560665748853 5.838410156880882  
131 STO 132.5124282836914 97.41162109375 64.5311508178711 8384.926801736794 8250.724099632529 8280.246915886626 -54.500836264772005 -87.55257159133012 -97.10568477354131 99.85925165421521 102.60719835359981 103.11134042680158 0.006492059692391194 0.014419869359699078 0.015898839177680202 6.884011991086169 7.284636872877258 6.809152534903071  
132 TER 38.190521240234375 38.24382781982422 38.32381820678711 653.6927208226812 525.0989376838177 355.9348100280328 24.26741247094688 19.982193743068404 18.066138947384538 35.43825678948577 30.819272499891884 26.581268315080653 0.0129905932553811 0.01325404095405247 0.016326451397617348 6.4692914873821 6.4210687704164355 6.145005068385824  
133 TER 36.04548645019531 38.821144104003906 31.315166473388672 640.8566040777276 584.9968480503304 197.94474521890493 31.499985222901028 30.01812515730778 12.186500967669868 42.73019335331934 39.65981326037268 21.92336439743419 0.018776420867652632 0.016544639991479926 0.02937744175142143 6.180759171842631 6.30352413705625 5.470559327658521  
134 TER 37.98972702026367 31.192935943603516 23.15245819091797 561.2429097530483 427.72248007938805 386.59762880283307 25.73996037528351 -7.353099997793311 -19.00663285539122 35.32074103897539 27.594976649474358 23.42172834219257 0.019072891227551736 0.02196828725573141 0.05000854986428749 5.993168116745231 5.737732109936449 4.714279614904783  
135 TER 47.83012390136719 32.81287384033203 20.27627944946289 1349.1977274973603 703.3116482456352 902.4872530932432 35.04051894719166 -25.570145976265124 -31.290319010763493 48.67782099667189 32.122334027659385 32.47415298815429 0.01010493868670892 0.014492946662358008 0.027491138767800294 6.891799740097973 6.304382504393191 5.4503513436335576  
136 TER 27.96890640258789 28.673599243164062 27.404876708984375 546.1401502860687 589.0150698072265 397.0255651260698 26.563336961764787 21.361554833592326 17.916400814487435 36.62215312622076 30.625175664554163 25.82877377898617 0.017907940680743195 0.02660826592182275 0.01900731872592587 6.153437534508544 6.038926777221792 6.0098097914197695  
137 TER 41.3619384765625 39.61040115356445 37.07904052734375 675.9725009021695 686.7809982251512 533.6550063783048 20.185221718319934 18.14481862520864 14.358302815791506 33.91028298162526 33.107499033197996 28.847320947412708 0.012083036926924251 0.012622230788110755 0.014746246379218064 6.538715775016905 6.519277931811459 6.312477099001375  
138 TER 19.122276306152344 17.492557525634766 15.476184844970703 296.8944647044189 275.7197706874813 81.25358271282892 23.014227799052605 19.972273413070557 8.715553557585768 31.78409160391485 29.728467412873748 15.749289617565552 0.03097491968946997 0.02772075818211306 0.049039872785215266 5.5017312503873015 5.5507655994935945 4.713260376065803  
139 TER 52.49474334716797 35.132415771484375 22.761207580566406 2841.907465973345 1662.849961027634 1272.4596600809182 52.37843105974109 -28.363743903789995 -36.669796417067055 67.88013460533905 46.92553794797935 38.76545315236043 0.015609188048983924 0.031755026895552874 0.023093339827028103 6.873454899770226 6.309932330808088 5.857126093681884  
140 TER 30.219337463378906 28.031471252441406 19.354625701904297 804.1996938164555 436.7008682133973 255.43701144447098 31.807561080496544 17.17803037615456 -15.612002144771166 42.390700965201106 29.30768667503099 19.249308039134224 0.016512991496711038 0.016788863213150762 0.027987657449557446 6.33536223093362 6.138209550022389 5.403137196014915  
141 TER 32.58456802368164 37.50386428833008 35.227718353271484 321.195126387204 389.27062779961415 314.1305893414097 18.376795553579978 21.54839926949978 19.374558833192413 26.74394860469675 28.29393824025558 25.32913990753698 0.01798798506206367 0.016852830434800126 0.018535536553827114 6.039075843481641 6.175918969292811 6.011107822379479  
142 TER 39.4177131652832 44.892723083496094 47.90882873535156 538.6353187182636 604.4950098720795 620.9122112195508 21.807859354553518 28.363814543120977 30.38376797074613 31.366052229086577 35.984684016624335 36.8540901791683 0.014198947217664681 0.013616846830700524 0.015029814312583767 6.334885317264694 6.4442470880502345 6.3397345906222125  
143 TIL 159.82051849365234 134.94450759887695 111.24801254272461 1517.0249381850122 1787.6749029964299 3237.34114678152 -55.213004466820934 -59.85069547156937 -67.95363553787311 68.59530764224145 73.17310854775597 78.98121475163664 0.05041777444421314 0.046581940667238086 0.046954843623097986 5.019354573812057 5.060567326910521 5.0558877889805816  
144 TIL 90.64252853393555 79.57665634155273 65.43128967285156 4794.193926633689 5009.162418631378 5676.455122919154 32.89340513266733 -30.85236053990266 -49.88908733001776 78.23069057613537 77.66005642975712 79.7601463297426 0.01043881443911232 0.011626591891399585 0.020497717734542675 7.202323272105271 7.074234306503892 6.4632765527916956  
145 TIL 146.40979766845703 130.13693618774414 126.04166412353516 1670.3320887537175 1689.0845295296683 2033.1870166869378 -47.37787747110616 -54.44737244712007 -60.00898858631362 62.19597916856556 66.43786120737833 72.64725232907976 0.012075049278791994 0.012660476291785017 0.012699762650299817 6.73715113861014 6.647903120777887 6.673216102065675  
146 TIL 122.7318344116211 108.67897033691406 95.6473159790039 2509.1561145535647 2413.905181946439 2782.0134259784454 -53.29004748636621 -58.911110228214774 -64.51499687455453 65.24578767006471 67.8261375539251 72.75381917123526 0.01683654221415054 0.013167461132979952 0.011782754372688942 6.554260319404961 6.7048267358473455 6.748286012368037  
147 TIL 60.723541259765625 53.870887756347656 46.52233123779297 4344.323289820292 4235.226797021922 3442.827782829685 66.66626149732438 57.162131697646615 36.901574387051475 83.02298040688915 76.68118275399877 64.96902246860267 0.01773216325091198 0.025613456280552782 0.028676016969257034 6.744709961276992 6.345801053163648 6.062246840592553  
148 TIL 172.6921615600586 117.57010269165039 69.20097732543945 1919.8604357001798 4314.383152910387 11298.633750515464 -58.59414526932133 -78.37421006089535 -109.52084603783135 74.35560403275858 90.62592284167523 113.15352768218604 0.01953253149986267 0.021396243624622002 0.024964360185549594 6.255220509899372 6.02831229337882 5.754184890380463  
149 TIL 169.30988311767578 148.2375946044922 123.2215347290039 6095.831371140392 5567.0448437682335 7821.234972938293 -65.37365481989977 -74.91279798687802 -95.33671421953171 90.43156004422798 90.62477489149283 106.64911947987856 0.0027329947042744607 0.004586017908877693 0.004838811175432056 5.975227915857951 7.863092342831545 7.506518130812573  
150 TIL 117.58826446533203 99.5833854675293 84.26574325561523 1157.6641301648688 1597.2557354687885 2335.4790143145497 -31.612506701082282 -46.3353979132028 -56.3087935967579 44.457707638141365 53.30556902615841 62.32199088652138 0.011081898424890824 0.009407049277797341 0.00932458545139525 6.848706391346579 6.97843728854291 6.908690454522779  
151 TIL 163.44390869140625 107.83259201049805 60.639068603515625 1903.8400925922836 4267.361448821988 11082.713365505131 -56.66901433774529 -76.48947699504363 -107.9690091949886 72.57115713602609 87.37085279974043 110.89606959919792 0.01585356354189571 0.017465150987845846 0.02172149757097941 6.4791705896418685 6.237280781552855 5.897160942040919  
152 TIL 67.44768905639648 56.41301345825195 47.585052490234375 4029.174425747621 4223.6474061941535 3575.7897414883046 69.19563834865593 61.442928274707384 41.39120035455264 85.62608507686103 81.93955290513337 70.14065080905205 0.017535250692162663 0.024174601785489358 0.031070364042534493 6.75925048142988 6.445806032116062 6.178357550048377  
153 TIL 77.17456817626953 64.14002990722656 54.042545318603516 4417.314992571834 4039.301790219335 4427.475416842994 37.67038895435796 -35.777505513039095 -38.76365083942348 72.26393424034143 68.10606923173204 71.64526064898507 0.013199459746829234 0.016066681637312286 0.022188125192769803 6.935396298450845 6.739910972173752 6.419209969659363  
154 WAT 99.82249069213867 102.27444458007812 84.11110305786133 150.82361205897308 174.52588462892965 489.25559599811254 7.388076481206705 11.992368998837433 -24.456323394787358 16.05683917276192 17.414793201396176 26.977442640053138 0.022384136958862655 0.021154717789613642 0.017575947582372464 5.632300311780359 5.704556654036168 5.9786395445736655  
155 WAT 128.66810607910156 102.55273056030273 87.54109191894531 3163.741599648419 3788.522013224356 5051.050012300387 36.80297112827817 -58.711050730342095 -73.85556997258192 64.60326746822949 70.10072723034635 81.64517731267422 0.006261083719437011 0.0066525419388199225 0.008741534387809224 7.4412817711237675 7.455257010593 7.154692901368605  
156 WAT 100.95842742919922 135.90553665161133 151.10000228881836 408.5425450997707 1580.2147260106908 2923.1278675467393 31.49637175125217 46.347590232213975 58.38791489770217 44.54048546746657 54.59953851560559 63.50312918002075 0.02785734593635425 0.02397465199464932 0.018250153108965605 5.639602915732001 5.768195872371784 6.106060774263466  
157 WAT 108.07432174682617 109.57804489135742 91.80912399291992 235.59082408555454 253.5140873451053 610.4457118412852 7.494603080443706 11.540811778395637 -27.401652334298834 19.227868034662038 19.980455779574786 30.560478632422605 0.018375642408500426 0.017158948627184145 0.014721630650456063 5.925885070392393 5.995924783699418 6.234832307253958  
158 WAT 121.75101089477539 142.45270538330078 118.04972839355469 143.4583253173196 583.0101502774394 256.0561577286246 4.862075943347541 26.29936652608764 -15.165072979100671 18.310534668543728 28.616919613173366 22.274851185588485 0.02516163035761565 0.02340465628367383 0.018656826214282773 5.556601842445297 5.636798083704074 5.95803901212718  
159 WAT 145.6790657043457 129.3818244934082 118.47638702392578 3904.24883452883 3073.2898181015635 2913.0359129194912 -27.605087262551972 -52.378162751005306 -59.3476247071384 72.88928135884063 67.01233680933515 67.41083986283788 0.004504127384279855 0.005352714113541879 0.006072281903470866 7.652707590802489 7.601359313969185 7.432310955615476  
160 WAT 109.08427047729492 125.81446075439453 114.44688034057617 140.78873970379573 527.2480434917377 835.568926050618 8.950924413853818 26.22745065144027 27.907807437042642 16.579565586923632 29.017796508680256 36.01370747291443 0.02418286971806083 0.017620499289478175 0.010680980238248594 5.512106531867766 5.931777676251807 6.676496944389836  
161 WAT 167.46895217895508 163.40222549438477 151.03974533081055 1820.1891376620079 1619.979252341167 1940.2044856028363 30.405362304584802 22.57677277770076 -35.99527705951043 51.153664570954355 48.39958827865016 51.621768765915256 0.0067491798545233905 0.007428424316458404 0.007422782247886062 7.102092567970379 7.087280813924218 7.185938811276124  
162 WHE 112.3536491394043 79.01153182983398 65.18004989624023 4559.883252138104 4670.973520612087 4642.319950022009 37.603981739044585 -64.06032906122488 -66.62377872960744 78.86673012299836 79.6327993222142 76.37952739860705 0.0051932568167103454 0.007993573948624544 0.011193943239049986 7.704380562227959 7.386403380889069 6.975562814635494  
163 WHE 85.05939102172852 72.44647598266602 66.55229568481445 4460.317597739065 5236.595059564299 3803.562272162068 60.28122448490801 48.16149535177828 42.19206822625075 81.86539466645806 84.54901228027246 76.3444556920101 0.014044227835256606 0.02046633607824333 0.020176927238935605 7.085227231139147 6.763384601489984 6.655495534331011  
164 WHE 103.92743682861328 78.03201293945312 57.001190185546875 4272.942251956168 3982.5572211826025 4214.540685917131 39.518303466461106 -55.624641341763194 -66.10855754844908 76.82639125969925 73.57259211670974 72.70610137038908 0.005514830292668194 0.00812660568044521 0.010512347784242593 7.709258116083347 7.389246096675899 7.067575808391128  
165 WOO 124.55057907104492 118.7618179321289 99.87731170654297 2722.4386191172775 3278.8244924070304 3664.0955775205284 -23.853977964629994 -43.45629381257706 -59.43710906924116 66.11879456593624 72.25246565687102 75.10967740261151 0.006402753439033404 0.005950536520686001 0.007473616540664807 7.446752893646587 7.518953096765649 7.186809396521985  
166 WOO 124.55057907104492 118.7618179321289 99.87731170654297 2722.4386191172775 3278.8244924070304 3664.0955775205284 -23.853977964629994 -43.45629381257706 -59.43710906924116 66.11879456593624 72.25246565687102 75.10967740261151 0.006402753439033404 0.005950536520686001 0.007473616540664807 7.446752893646587 7.518953096765649 7.186809396521985  
167 WOO 185.55083084106445 166.93219375610352 154.5814094543457 78.43737289071795 420.80614989053737 1063.006827388604 -3.792862451543538 -21.954018278179692 -34.025997206209354 11.277386477208783 23.199431440891985 35.31115782331386 0.03214593682787381 0.032433391446829773 0.028466732925153337 5.142698498283026 5.140381925420181 5.366585762900235  
