167 19 18 
1 BAR 3.27734375 4.710605051287527 307.0 242.0 261.0 250.0 237.0 225.0 225.0 252.0 188.0 235.0 250.0 233.0 235.0 251.0 258.0 195.0 
2 BAR 3.4775390625 2.435576493476652 280.0 226.0 244.0 281.0 237.0 209.0 206.0 214.0 246.0 263.0 224.0 231.0 238.0 267.0 282.0 196.0 
3 BAR 3.2041015625 2.878502370572108 289.0 268.0 247.0 252.0 211.0 234.0 205.0 210.0 234.0 226.0 241.0 236.0 268.0 251.0 270.0 202.0 
4 BAR 3.01513671875 4.260532143530426 259.0 231.0 321.0 427.0 435.0 336.0 251.0 260.0 193.0 182.0 156.0 177.0 152.0 159.0 156.0 149.0 
5 BAR 3.3505859375 1.5244897783984757 129.0 151.0 157.0 211.0 301.0 362.0 445.0 467.0 374.0 312.0 241.0 203.0 153.0 142.0 119.0 77.0 
6 BAR 3.15380859375 0.8647323975880348 344.0 231.0 221.0 235.0 141.0 146.0 140.0 228.0 176.0 210.0 282.0 378.0 322.0 306.0 292.0 192.0 
7 BAR 3.23193359375 0.6680712497822203 103.0 101.0 123.0 167.0 164.0 288.0 352.0 586.0 514.0 438.0 318.0 244.0 150.0 132.0 90.0 74.0 
8 BAR 3.33740234375 2.466491798321154 524.0 374.0 315.0 248.0 144.0 120.0 118.0 102.0 100.0 101.0 166.0 193.0 232.0 331.0 390.0 386.0 
9 BAR 3.572265625 2.304518767098331 352.0 326.0 270.0 207.0 211.0 206.0 198.0 184.0 163.0 190.0 196.0 212.0 280.0 283.0 328.0 238.0 
10 BAR 3.0908203125 3.525937853574406 459.0 344.0 325.0 245.0 195.0 147.0 171.0 119.0 161.0 133.0 168.0 195.0 215.0 287.0 340.0 340.0 
11 BAR 3.07275390625 4.4474711487675265 566.0 495.0 351.0 293.0 175.0 132.0 107.0 100.0 94.0 123.0 104.0 154.0 190.0 264.0 394.0 302.0 
12 BAR 3.3583984375 3.97116987673764 391.0 324.0 287.0 209.0 178.0 170.0 141.0 136.0 142.0 166.0 182.0 209.0 283.0 313.0 393.0 320.0 
13 BAR 3.2744140625 3.4463815235138644 389.0 331.0 220.0 226.0 177.0 155.0 142.0 153.0 166.0 165.0 183.0 202.0 283.0 364.0 396.0 292.0 
14 BRI 3.15478515625 0.8244714908597716 255.0 168.0 161.0 193.0 171.0 245.0 321.0 456.0 396.0 283.0 244.0 200.0 164.0 191.0 215.0 181.0 
15 BRI 3.158203125 1.050806005734188 260.0 199.0 144.0 191.0 172.0 228.0 295.0 460.0 415.0 301.0 237.0 186.0 158.0 188.0 222.0 188.0 
16 BRI 3.1640625 5.727961429104696 82.0 74.0 84.0 87.0 151.0 191.0 317.0 1050.0 861.0 317.0 188.0 144.0 97.0 66.0 76.0 59.0 
17 BRI 3.38330078125 6.50805193536343 126.0 110.0 120.0 167.0 242.0 247.0 255.0 925.0 633.0 260.0 189.0 175.0 106.0 105.0 95.0 89.0 
18 BRI 3.14990234375 1.313687372376582 231.0 213.0 191.0 201.0 216.0 237.0 280.0 331.0 328.0 269.0 261.0 236.0 213.0 247.0 234.0 156.0 
19 BRI 3.466796875 1.737155555251501 264.0 245.0 213.0 216.0 220.0 236.0 232.0 305.0 232.0 215.0 237.0 256.0 256.0 275.0 255.0 187.0 
20 BRI 3.287109375 4.523651865405744 304.0 291.0 398.0 505.0 456.0 308.0 201.0 156.0 132.0 124.0 119.0 126.0 134.0 175.0 210.0 205.0 
21 BRI 3.4736328125 2.2814197374691156 259.0 185.0 183.0 208.0 195.0 250.0 271.0 318.0 264.0 295.0 296.0 292.0 223.0 242.0 215.0 148.0 
22 BRI 3.44189453125 4.535818985324922 185.0 196.0 246.0 318.0 316.0 351.0 310.0 350.0 273.0 223.0 224.0 212.0 162.0 163.0 175.0 140.0 
23 BUI 3.517578125 8.946358879405569 831.0 142.0 137.0 185.0 252.0 183.0 187.0 269.0 266.0 261.0 220.0 216.0 126.0 137.0 196.0 236.0 
24 BUI 3.2333984375 4.999286447641364 603.0 169.0 147.0 190.0 197.0 245.0 261.0 394.0 345.0 200.0 138.0 143.0 112.0 129.0 193.0 378.0 
25 BUI 3.33203125 6.398731496316574 686.0 174.0 159.0 165.0 216.0 233.0 257.0 382.0 346.0 201.0 174.0 132.0 102.0 133.0 158.0 326.0 
26 BUI 3.07177734375 5.160280672256571 809.0 193.0 164.0 143.0 142.0 151.0 200.0 354.0 261.0 125.0 110.0 124.0 102.0 116.0 224.0 626.0 
27 BUI 3.279296875 3.2337605245375705 357.0 172.0 155.0 173.0 139.0 186.0 231.0 625.0 428.0 239.0 185.0 187.0 148.0 174.0 198.0 247.0 
28 BUI 3.5009765625 4.910319487072966 359.0 209.0 178.0 183.0 207.0 235.0 316.0 387.0 290.0 213.0 227.0 236.0 170.0 201.0 230.0 203.0 
29 BUI 3.42529296875 4.1312238686284255 371.0 177.0 182.0 206.0 222.0 271.0 287.0 287.0 253.0 272.0 260.0 210.0 204.0 218.0 207.0 217.0 
30 BUI 3.63525390625 4.845237975977072 244.0 178.0 184.0 194.0 213.0 231.0 313.0 340.0 466.0 314.0 276.0 182.0 174.0 164.0 204.0 167.0 
31 BUI 3.3134765625 2.381263580759561 705.0 270.0 186.0 164.0 126.0 121.0 132.0 258.0 185.0 122.0 118.0 152.0 154.0 232.0 347.0 572.0 
32 BUI 2.91845703125 3.138625916522164 1145.0 159.0 144.0 152.0 135.0 111.0 84.0 68.0 45.0 72.0 128.0 162.0 152.0 145.0 193.0 949.0 
33 BUI 3.47607421875 2.4700323881698685 756.0 310.0 199.0 144.0 82.0 113.0 113.0 185.0 126.0 119.0 116.0 124.0 138.0 228.0 345.0 746.0 
34 CLO 3.49951171875 1.762207273065383 162.0 100.0 134.0 227.0 172.0 290.0 374.0 550.0 417.0 374.0 290.0 249.0 152.0 130.0 126.0 97.0 
35 CLO 3.4814453125 1.1488417743232087 169.0 66.0 113.0 239.0 169.0 269.0 327.0 708.0 216.0 360.0 386.0 350.0 124.0 128.0 94.0 126.0 
36 FAB 2.58984375 1.5546241017349332 142.0 159.0 175.0 216.0 285.0 289.0 274.0 271.0 336.0 361.0 308.0 301.0 243.0 236.0 142.0 106.0 
37 FAB 2.64306640625 1.575149720862802 166.0 205.0 229.0 264.0 286.0 268.0 265.0 322.0 302.0 337.0 324.0 247.0 222.0 183.0 125.0 99.0 
38 FAB 2.96875 2.632596460736635 393.0 341.0 257.0 187.0 200.0 200.0 153.0 156.0 153.0 178.0 193.0 224.0 271.0 289.0 353.0 296.0 
39 FAB 3.171875 3.086294403271423 236.0 220.0 221.0 172.0 177.0 136.0 132.0 148.0 195.0 209.0 286.0 375.0 488.0 400.0 285.0 164.0 
40 FAB 3.60546875 2.6370500986688308 107.0 127.0 139.0 180.0 237.0 289.0 342.0 470.0 448.0 386.0 292.0 245.0 184.0 178.0 139.0 81.0 
41 FAB 3.68310546875 2.016603943570305 146.0 138.0 147.0 219.0 195.0 280.0 365.0 439.0 397.0 358.0 307.0 248.0 171.0 181.0 130.0 123.0 
42 FAB 3.5693359375 1.0804918191828903 155.0 164.0 187.0 211.0 231.0 278.0 308.0 369.0 329.0 304.0 289.0 259.0 227.0 215.0 180.0 138.0 
43 FAB 3.1005859375 1.6594913395439617 248.0 280.0 309.0 296.0 253.0 268.0 264.0 211.0 213.0 215.0 210.0 219.0 202.0 233.0 242.0 181.0 
44 FAB 2.86474609375 5.543093807735084 254.0 248.0 333.0 331.0 267.0 207.0 162.0 145.0 177.0 180.0 206.0 281.0 323.0 303.0 230.0 197.0 
45 FAB 2.8466796875 5.627421434950803 220.0 240.0 345.0 343.0 273.0 166.0 174.0 177.0 144.0 199.0 225.0 285.0 341.0 317.0 225.0 170.0 
46 FAB 2.58544921875 5.366792009841357 253.0 298.0 314.0 326.0 244.0 191.0 160.0 161.0 151.0 183.0 251.0 316.0 289.0 282.0 248.0 177.0 
47 FAB 3.07861328125 3.195173877350058 211.0 261.0 323.0 420.0 419.0 340.0 273.0 276.0 197.0 208.0 174.0 135.0 155.0 167.0 162.0 123.0 
48 FAB 3.06884765625 3.345418576635672 201.0 242.0 295.0 313.0 407.0 349.0 267.0 249.0 215.0 214.0 183.0 208.0 172.0 189.0 199.0 141.0 
49 FAB 2.56640625 3.778990953920847 264.0 254.0 280.0 222.0 193.0 202.0 246.0 394.0 378.0 238.0 168.0 196.0 216.0 240.0 219.0 134.0 
50 FAB 2.66796875 3.8718307985143103 112.0 133.0 151.0 159.0 209.0 273.0 392.0 521.0 487.0 354.0 269.0 220.0 155.0 149.0 141.0 119.0 
51 FAB 3.0068359375 2.1066537656252984 290.0 258.0 229.0 208.0 191.0 202.0 203.0 193.0 235.0 227.0 227.0 272.0 273.0 284.0 344.0 208.0 
52 FAB 3.205078125 2.1593416002375707 259.0 258.0 263.0 259.0 234.0 201.0 217.0 207.0 211.0 210.0 255.0 250.0 267.0 268.0 287.0 198.0 
53 FAB 3.4921875 1.4554743775033476 500.0 384.0 295.0 206.0 156.0 92.0 91.0 89.0 88.0 104.0 138.0 199.0 274.0 366.0 489.0 373.0 
54 FAB 3.59033203125 1.3101032240449806 225.0 234.0 236.0 258.0 290.0 252.0 245.0 292.0 265.0 251.0 308.0 234.0 204.0 192.0 205.0 153.0 
55 FAB 3.4150390625 1.4318900502470053 277.0 209.0 218.0 235.0 269.0 254.0 261.0 278.0 244.0 246.0 251.0 269.0 227.0 226.0 230.0 150.0 
56 FLO 3.1298828125 2.140388358841252 183.0 195.0 196.0 263.0 252.0 242.0 265.0 337.0 272.0 266.0 281.0 310.0 244.0 213.0 200.0 125.0 
57 FLO 3.31494140625 1.9479902908476137 202.0 183.0 192.0 273.0 233.0 229.0 236.0 326.0 261.0 291.0 301.0 344.0 243.0 201.0 200.0 129.0 
58 FLO 3.24169921875 3.1788226532546173 206.0 216.0 217.0 245.0 250.0 225.0 247.0 238.0 233.0 262.0 302.0 287.0 256.0 238.0 241.0 181.0 
59 FLO 3.212890625 3.505067472304968 243.0 216.0 234.0 223.0 246.0 257.0 231.0 219.0 240.0 284.0 306.0 293.0 239.0 211.0 245.0 157.0 
60 FLO 3.26416015625 4.03892929454654 210.0 232.0 211.0 229.0 237.0 254.0 236.0 264.0 284.0 280.0 294.0 257.0 240.0 256.0 230.0 130.0 
61 FLO 3.18310546875 4.726487972875671 188.0 207.0 200.0 210.0 222.0 235.0 262.0 282.0 300.0 304.0 295.0 272.0 258.0 231.0 216.0 162.0 
62 FLO 3.15576171875 5.052316581462595 176.0 207.0 194.0 222.0 238.0 253.0 276.0 292.0 288.0 259.0 302.0 283.0 267.0 240.0 210.0 137.0 
63 FLO 3.046875 4.114043760096389 227.0 206.0 221.0 224.0 227.0 246.0 255.0 266.0 274.0 264.0 273.0 262.0 254.0 227.0 253.0 165.0 
64 FOO 2.72705078125 2.950067965834431 258.0 256.0 232.0 254.0 265.0 239.0 245.0 239.0 230.0 225.0 250.0 277.0 248.0 252.0 218.0 156.0 
65 FOO 2.6220703125 7.961116860867548 287.0 290.0 321.0 333.0 272.0 201.0 170.0 182.0 167.0 173.0 208.0 219.0 269.0 270.0 283.0 199.0 
66 FOO 2.8037109375 3.1343507113237576 230.0 234.0 249.0 269.0 225.0 234.0 236.0 239.0 271.0 263.0 222.0 234.0 259.0 252.0 245.0 182.0 
67 FOO 2.68408203125 5.38161244348946 314.0 300.0 264.0 277.0 217.0 171.0 180.0 198.0 168.0 179.0 198.0 244.0 287.0 326.0 317.0 204.0 
68 FOO 2.9462890625 2.3545352200387897 230.0 228.0 276.0 354.0 330.0 261.0 221.0 212.0 216.0 193.0 223.0 236.0 277.0 243.0 208.0 136.0 
69 FOO 3.39892578125 1.4665212885263226 218.0 186.0 236.0 264.0 276.0 313.0 317.0 288.0 262.0 253.0 235.0 246.0 217.0 212.0 178.0 143.0 
70 FOO 2.9580078125 3.9551797418779104 219.0 236.0 262.0 232.0 236.0 255.0 241.0 251.0 262.0 241.0 243.0 252.0 275.0 236.0 243.0 160.0 
71 FOO 3.00146484375 3.8594314187829895 234.0 249.0 231.0 262.0 219.0 247.0 241.0 240.0 228.0 264.0 251.0 257.0 256.0 234.0 245.0 186.0 
72 FOO 2.82763671875 5.013099443075683 264.0 232.0 225.0 223.0 252.0 197.0 182.0 209.0 220.0 228.0 268.0 292.0 284.0 294.0 272.0 202.0 
73 FOO 2.82763671875 5.013099443075683 264.0 232.0 225.0 223.0 252.0 197.0 182.0 209.0 220.0 228.0 268.0 292.0 284.0 294.0 272.0 202.0 
74 FOO 3.482421875 1.8560944002300699 309.0 185.0 220.0 288.0 179.0 174.0 184.0 228.0 188.0 201.0 247.0 322.0 321.0 297.0 308.0 193.0 
75 FOO 3.4765625 1.5794164595886908 343.0 174.0 192.0 238.0 158.0 176.0 162.0 232.0 196.0 248.0 264.0 371.0 371.0 299.0 264.0 156.0 
76 GRA 3.31689453125 2.300520111718894 158.0 126.0 120.0 193.0 152.0 276.0 342.0 558.0 437.0 363.0 329.0 259.0 178.0 145.0 119.0 89.0 
77 GRA 3.2294921875 3.8616109376381718 264.0 258.0 221.0 208.0 232.0 219.0 252.0 252.0 226.0 241.0 237.0 268.0 237.0 264.0 285.0 180.0 
78 GRA 3.177734375 3.3156097739153596 279.0 233.0 257.0 192.0 211.0 227.0 187.0 217.0 212.0 223.0 236.0 257.0 285.0 303.0 329.0 196.0 
79 LEA 3.18310546875 1.5580432274301623 397.0 288.0 243.0 267.0 236.0 211.0 219.0 297.0 249.0 213.0 206.0 217.0 211.0 189.0 210.0 191.0 
80 LEA 3.34326171875 0.3425244280187136 193.0 162.0 205.0 287.0 233.0 306.0 287.0 395.0 233.0 306.0 300.0 276.0 171.0 170.0 175.0 145.0 
81 LEA 3.35009765625 1.0210776090662215 753.0 423.0 242.0 156.0 103.0 79.0 67.0 82.0 42.0 67.0 63.0 106.0 173.0 311.0 584.0 593.0 
82 LEA 2.931640625 3.6390264256805875 248.0 243.0 214.0 223.0 240.0 224.0 219.0 203.0 238.0 270.0 261.0 271.0 284.0 247.0 266.0 193.0 
83 LEA 3.1396484375 5.357625334845907 221.0 198.0 224.0 280.0 251.0 247.0 235.0 215.0 226.0 268.0 276.0 339.0 280.0 249.0 196.0 139.0 
84 LEA 3.33056640625 4.397519121077101 269.0 224.0 246.0 331.0 261.0 281.0 213.0 251.0 224.0 221.0 239.0 315.0 199.0 203.0 222.0 145.0 
85 LEA 3.0556640625 3.3107738200929644 204.0 158.0 189.0 289.0 255.0 304.0 314.0 350.0 283.0 249.0 281.0 286.0 229.0 182.0 160.0 111.0 
86 LEA 3.22119140625 3.690043572883849 301.0 176.0 197.0 310.0 266.0 266.0 253.0 299.0 218.0 257.0 253.0 314.0 227.0 188.0 160.0 159.0 
87 LEA 3.13037109375 2.994112237888328 198.0 231.0 247.0 271.0 257.0 271.0 263.0 301.0 285.0 241.0 264.0 267.0 239.0 194.0 159.0 156.0 
88 LEA 3.07763671875 2.8166800349564762 266.0 212.0 232.0 264.0 221.0 215.0 223.0 244.0 214.0 229.0 239.0 333.0 269.0 258.0 237.0 188.0 
89 LEA 3.3681640625 2.8680098659866626 297.0 257.0 241.0 274.0 235.0 237.0 203.0 221.0 196.0 215.0 249.0 234.0 247.0 248.0 278.0 212.0 
90 LEA 2.845703125 3.363373797200964 207.0 195.0 249.0 262.0 255.0 262.0 221.0 237.0 201.0 269.0 258.0 323.0 314.0 225.0 229.0 137.0 
91 LEA 2.8427734375 2.432403494401682 309.0 327.0 250.0 284.0 234.0 225.0 222.0 175.0 192.0 205.0 241.0 239.0 229.0 254.0 259.0 199.0 
92 LEA 3.10009765625 2.548742567488382 334.0 315.0 304.0 255.0 211.0 163.0 156.0 188.0 181.0 190.0 190.0 220.0 249.0 308.0 337.0 243.0 
93 LEA 2.87109375 3.53498428382211 380.0 380.0 274.0 280.0 256.0 156.0 149.0 149.0 137.0 154.0 164.0 215.0 232.0 285.0 356.0 277.0 
94 LEA 3.49755859375 3.0014894468292628 395.0 316.0 260.0 299.0 206.0 190.0 176.0 193.0 139.0 159.0 174.0 246.0 215.0 281.0 325.0 270.0 
95 LEA 3.0107421875 1.953280438961012 271.0 261.0 228.0 265.0 259.0 247.0 225.0 213.0 212.0 217.0 222.0 245.0 248.0 266.0 277.0 188.0 
96 MET 3.57568359375 1.0923433248668706 236.0 249.0 236.0 244.0 225.0 215.0 226.0 250.0 263.0 266.0 254.0 252.0 242.0 243.0 261.0 182.0 
97 MET 3.73681640625 1.91555672548066 188.0 179.0 185.0 198.0 251.0 281.0 281.0 319.0 298.0 301.0 295.0 276.0 250.0 222.0 183.0 137.0 
98 MET 2.7265625 2.658156395562456 243.0 240.0 270.0 248.0 279.0 246.0 216.0 239.0 218.0 211.0 255.0 255.0 247.0 256.0 245.0 176.0 
99 MET 2.791015625 2.571633798445418 286.0 304.0 301.0 248.0 248.0 234.0 200.0 184.0 180.0 171.0 218.0 258.0 255.0 263.0 300.0 194.0 
100 MET 2.96533203125 3.3062609585972287 202.0 175.0 189.0 204.0 195.0 206.0 235.0 273.0 314.0 290.0 330.0 312.0 284.0 278.0 221.0 136.0 
101 MET 3.1044921875 3.53306366108695 217.0 179.0 214.0 187.0 200.0 213.0 214.0 266.0 255.0 282.0 308.0 335.0 302.0 277.0 246.0 149.0 
102 MIS 3.1064453125 1.6458255090194442 230.0 227.0 231.0 264.0 232.0 258.0 237.0 241.0 270.0 263.0 228.0 245.0 247.0 262.0 231.0 178.0 
103 MIS 2.81494140625 2.1062306630511625 223.0 229.0 242.0 236.0 237.0 223.0 270.0 232.0 249.0 254.0 272.0 284.0 260.0 212.0 247.0 174.0 
104 MIS 2.89501953125 0.6437401502884343 264.0 207.0 235.0 254.0 238.0 230.0 250.0 231.0 233.0 271.0 262.0 294.0 266.0 260.0 208.0 141.0 
105 MIS 3.0380859375 0.9535125578776503 245.0 243.0 229.0 220.0 242.0 233.0 250.0 250.0 262.0 276.0 257.0 246.0 238.0 237.0 246.0 170.0 
106 PAI 3.57958984375 2.6229316881424447 242.0 220.0 194.0 266.0 219.0 233.0 267.0 327.0 286.0 243.0 254.0 213.0 204.0 223.0 274.0 179.0 
107 PAI 3.20361328125 3.3597797249654344 242.0 237.0 246.0 202.0 256.0 258.0 257.0 315.0 249.0 244.0 206.0 245.0 232.0 247.0 225.0 183.0 
108 PAI 3.47021484375 2.3392275504005786 406.0 285.0 275.0 210.0 199.0 192.0 159.0 188.0 171.0 182.0 188.0 227.0 241.0 297.0 341.0 283.0 
109 PAI 3.3505859375 1.7214364127378454 364.0 361.0 321.0 287.0 216.0 198.0 153.0 176.0 129.0 154.0 192.0 205.0 237.0 281.0 295.0 275.0 
110 PAI 3.36865234375 2.1621540315083743 351.0 320.0 292.0 292.0 225.0 219.0 182.0 238.0 130.0 171.0 223.0 257.0 208.0 239.0 279.0 218.0 
111 PAI 3.1806640625 1.7509330031980848 221.0 223.0 249.0 243.0 260.0 218.0 244.0 215.0 221.0 253.0 288.0 260.0 262.0 268.0 238.0 181.0 
112 PAI 3.2861328125 1.3661448956145774 328.0 271.0 259.0 283.0 238.0 183.0 200.0 206.0 182.0 189.0 210.0 248.0 246.0 293.0 314.0 194.0 
113 PAI 3.390625 2.595260191302332 266.0 247.0 262.0 309.0 206.0 243.0 223.0 277.0 194.0 250.0 222.0 255.0 237.0 245.0 236.0 172.0 
114 PAI 3.25146484375 1.6214479715834795 294.0 291.0 261.0 265.0 217.0 223.0 202.0 210.0 211.0 205.0 212.0 273.0 254.0 262.0 269.0 195.0 
115 PAI 3.37109375 1.6223878326466374 243.0 188.0 195.0 225.0 245.0 260.0 276.0 340.0 275.0 259.0 266.0 266.0 213.0 215.0 227.0 151.0 
116 PAI 3.1787109375 2.2264388793077776 182.0 177.0 206.0 234.0 256.0 268.0 324.0 326.0 296.0 314.0 249.0 251.0 222.0 222.0 190.0 127.0 
117 PAI 3.15185546875 1.9318829594272777 398.0 324.0 285.0 288.0 261.0 246.0 246.0 206.0 169.0 149.0 165.0 166.0 192.0 187.0 310.0 252.0 
118 PAI 3.31982421875 1.8939727598030078 224.0 200.0 164.0 212.0 217.0 235.0 242.0 288.0 305.0 292.0 296.0 274.0 255.0 216.0 235.0 189.0 
119 SAN 3.267578125 0.3703075018860973 189.0 143.0 195.0 191.0 175.0 216.0 234.0 346.0 314.0 337.0 354.0 336.0 233.0 235.0 221.0 125.0 
120 SAN 2.84326171875 0.4910858234804158 188.0 167.0 175.0 201.0 187.0 203.0 270.0 315.0 296.0 320.0 336.0 332.0 245.0 260.0 215.0 134.0 
121 SAN 2.8916015625 0.3455523351973733 187.0 136.0 191.0 219.0 176.0 275.0 244.0 375.0 303.0 382.0 345.0 329.0 216.0 179.0 163.0 124.0 
122 SAN 3.2734375 0.4133307210237054 231.0 230.0 206.0 237.0 213.0 224.0 224.0 242.0 250.0 284.0 292.0 285.0 273.0 259.0 250.0 144.0 
123 SAN 3.458984375 0.5329406034786108 243.0 165.0 202.0 253.0 163.0 257.0 300.0 306.0 240.0 309.0 283.0 294.0 231.0 237.0 211.0 150.0 
124 SAN 2.96923828125 2.144414255602185 407.0 414.0 439.0 414.0 281.0 220.0 147.0 167.0 109.0 100.0 132.0 134.0 163.0 227.0 258.0 232.0 
125 SAN 3.15576171875 2.8690537658249258 338.0 349.0 370.0 450.0 305.0 244.0 218.0 205.0 121.0 147.0 148.0 194.0 158.0 220.0 188.0 189.0 
126 STO 3.4541015625 2.2243111763722827 219.0 238.0 251.0 281.0 266.0 264.0 262.0 309.0 247.0 251.0 239.0 249.0 216.0 208.0 207.0 137.0 
127 STO 3.3291015625 6.3084604407285925 639.0 303.0 257.0 210.0 180.0 128.0 120.0 127.0 120.0 117.0 175.0 234.0 218.0 286.0 374.0 356.0 
128 STO 3.2099609375 1.040132742016496 162.0 161.0 184.0 210.0 232.0 296.0 330.0 365.0 332.0 333.0 267.0 270.0 210.0 213.0 160.0 119.0 
129 STO 3.3037109375 0.8388843005843493 233.0 201.0 178.0 234.0 210.0 272.0 304.0 345.0 344.0 285.0 247.0 232.0 170.0 202.0 217.0 170.0 
130 STO 3.39599609375 1.1493048527253138 248.0 226.0 228.0 253.0 222.0 224.0 235.0 307.0 272.0 251.0 263.0 243.0 245.0 241.0 240.0 146.0 
131 STO 3.56396484375 1.196396974696271 252.0 266.0 255.0 236.0 262.0 237.0 217.0 252.0 238.0 215.0 243.0 244.0 261.0 252.0 255.0 159.0 
132 TER 3.46337890625 0.5168689782246771 302.0 197.0 285.0 368.0 270.0 311.0 286.0 307.0 163.0 195.0 195.0 250.0 165.0 212.0 177.0 161.0 
133 TER 3.3701171875 0.3201468889911987 442.0 175.0 222.0 348.0 232.0 254.0 232.0 343.0 138.0 198.0 256.0 296.0 182.0 169.0 215.0 142.0 
134 TER 3.4189453125 0.1456162913774426 596.0 141.0 195.0 381.0 152.0 255.0 230.0 443.0 122.0 179.0 245.0 303.0 117.0 183.0 138.0 164.0 
135 TER 3.4716796875 0.4318941686291616 315.0 185.0 260.0 350.0 262.0 322.0 303.0 348.0 215.0 223.0 209.0 227.0 142.0 194.0 149.0 140.0 
136 TER 3.3857421875 0.554041025652457 373.0 224.0 230.0 306.0 227.0 266.0 238.0 345.0 176.0 237.0 236.0 276.0 167.0 217.0 183.0 143.0 
137 TER 3.58251953125 0.6027881635512072 521.0 160.0 187.0 298.0 184.0 247.0 273.0 371.0 234.0 239.0 212.0 275.0 148.0 185.0 173.0 137.0 
138 TER 3.39794921875 0.3372490399836299 322.0 127.0 172.0 307.0 173.0 266.0 278.0 544.0 216.0 246.0 281.0 297.0 143.0 171.0 153.0 148.0 
139 TER 3.50146484375 0.40737903856430235 600.0 125.0 174.0 289.0 157.0 208.0 248.0 378.0 190.0 260.0 247.0 341.0 192.0 187.0 127.0 121.0 
140 TER 3.56884765625 1.1700346418348582 552.0 160.0 191.0 312.0 183.0 205.0 248.0 288.0 224.0 226.0 212.0 346.0 207.0 196.0 162.0 132.0 
141 TER 3.32568359375 0.3076192835504385 277.0 188.0 204.0 294.0 172.0 216.0 234.0 361.0 200.0 295.0 255.0 301.0 195.0 257.0 230.0 165.0 
142 TER 3.2509765625 0.4470656795377772 434.0 220.0 273.0 298.0 165.0 204.0 159.0 308.0 125.0 167.0 248.0 322.0 210.0 261.0 257.0 193.0 
143 TIL 3.58447265625 0.9151323699537359 333.0 288.0 300.0 236.0 200.0 216.0 161.0 209.0 175.0 194.0 215.0 235.0 261.0 302.0 279.0 240.0 
144 TIL 2.841796875 2.5750174897814246 403.0 209.0 202.0 206.0 285.0 218.0 195.0 270.0 262.0 217.0 237.0 319.0 177.0 162.0 211.0 271.0 
145 TIL 3.5166015625 3.8873217181890625 370.0 78.0 104.0 206.0 210.0 246.0 266.0 620.0 421.0 218.0 299.0 355.0 120.0 113.0 90.0 128.0 
146 TIL 3.56494140625 3.5970265115509523 490.0 160.0 221.0 443.0 192.0 195.0 177.0 439.0 148.0 113.0 174.0 383.0 196.0 204.0 151.0 158.0 
147 TIL 3.189453125 7.401729235026569 377.0 211.0 163.0 200.0 215.0 171.0 185.0 494.0 337.0 199.0 189.0 172.0 192.0 188.0 216.0 335.0 
148 TIL 3.59033203125 3.67647779514661 401.0 152.0 201.0 301.0 174.0 223.0 240.0 624.0 239.0 197.0 177.0 255.0 151.0 180.0 166.0 163.0 
149 TIL 3.5625 3.2861990923217044 604.0 125.0 172.0 309.0 187.0 211.0 225.0 609.0 221.0 163.0 210.0 277.0 124.0 140.0 121.0 146.0 
150 TIL 3.751953125 2.1465543340262108 132.0 177.0 251.0 376.0 382.0 266.0 224.0 165.0 156.0 235.0 279.0 362.0 356.0 232.0 165.0 86.0 
151 TIL 3.275390625 1.4642342132766792 154.0 166.0 303.0 452.0 348.0 196.0 192.0 157.0 145.0 179.0 226.0 431.0 401.0 244.0 146.0 104.0 
152 TIL 3.69287109375 1.4191855785782612 146.0 181.0 282.0 412.0 345.0 265.0 206.0 147.0 147.0 213.0 290.0 379.0 335.0 244.0 169.0 83.0 
153 TIL 3.611328125 1.4604445929848187 136.0 194.0 286.0 392.0 369.0 248.0 173.0 160.0 140.0 203.0 335.0 403.0 349.0 216.0 143.0 97.0 
154 WAT 3.44970703125 4.305570000487561 99.0 100.0 128.0 177.0 221.0 295.0 467.0 588.0 510.0 375.0 266.0 175.0 146.0 115.0 117.0 65.0 
155 WAT 3.75390625 1.348122209447153 119.0 90.0 133.0 221.0 146.0 277.0 369.0 684.0 461.0 383.0 299.0 235.0 125.0 128.0 108.0 66.0 
156 WAT 3.24365234375 1.0102478034922617 135.0 109.0 158.0 213.0 248.0 348.0 459.0 492.0 410.0 326.0 263.0 195.0 150.0 134.0 122.0 82.0 
157 WAT 3.53369140625 0.9968298180514155 103.0 94.0 116.0 163.0 171.0 270.0 432.0 603.0 581.0 436.0 228.0 223.0 133.0 121.0 87.0 83.0 
158 WAT 3.0771484375 3.887516304418838 118.0 103.0 116.0 144.0 176.0 254.0 365.0 553.0 531.0 412.0 325.0 220.0 180.0 144.0 113.0 90.0 
159 WAT 3.18505859375 0.7461514589925877 85.0 101.0 110.0 152.0 183.0 277.0 443.0 608.0 569.0 410.0 242.0 217.0 154.0 115.0 110.0 68.0 
160 WAT 3.48291015625 0.6962662371237396 107.0 106.0 137.0 163.0 170.0 255.0 385.0 613.0 513.0 415.0 315.0 215.0 134.0 130.0 111.0 75.0 
161 WAT 3.4931640625 4.847982433183552 112.0 127.0 156.0 177.0 198.0 255.0 379.0 490.0 509.0 430.0 275.0 198.0 172.0 134.0 143.0 89.0 
162 WHE 3.45458984375 3.5734746239399566 288.0 199.0 238.0 261.0 270.0 254.0 215.0 276.0 207.0 239.0 220.0 305.0 255.0 249.0 209.0 159.0 
163 WHE 3.138671875 2.959859111002673 257.0 227.0 239.0 288.0 234.0 227.0 227.0 224.0 227.0 239.0 285.0 293.0 267.0 242.0 218.0 150.0 
164 WHE 3.12451171875 2.753134910486035 223.0 233.0 225.0 281.0 292.0 255.0 274.0 274.0 226.0 211.0 243.0 256.0 223.0 237.0 232.0 159.0 
165 WOO 3.49072265625 3.987262994540398 231.0 211.0 219.0 214.0 181.0 243.0 306.0 346.0 310.0 313.0 228.0 230.0 237.0 222.0 200.0 153.0 
166 WOO 3.49072265625 3.987262994540398 231.0 211.0 219.0 214.0 181.0 243.0 306.0 346.0 310.0 313.0 228.0 230.0 237.0 222.0 200.0 153.0 
167 WOO 3.72802734375 1.0012186204697542 542.0 428.0 318.0 286.0 110.0 138.0 76.0 135.0 47.0 102.0 111.0 176.0 184.0 328.0 473.0 390.0 
